1523957617007452672.000000 -6.553770 0.704042 1.354769 0.654676 -0.328594 0.246158 -0.634690
1523957619560244992.000000 -6.063366 0.385591 1.278906 0.667004 -0.324680 0.217723 -0.634260
1523957619858595840.000000 -5.993987 0.341513 1.260997 0.664893 -0.337847 0.226642 -0.626426
1523957620258704128.000000 -5.915421 0.284080 1.255026 0.659686 -0.347018 0.233189 -0.624512
1523957620858947328.000000 -5.829644 0.195498 1.273593 0.654764 -0.340990 0.219704 -0.637762
1523957621160846080.000000 -5.792671 0.149563 1.282428 0.656474 -0.330008 0.213985 -0.643697
1523957621359748096.000000 -5.768119 0.116097 1.284008 0.659856 -0.321986 0.210751 -0.645367
1523957621761096960.000000 -5.715436 0.043713 1.279000 0.668654 -0.308747 0.206932 -0.644016
1523957622259632640.000000 -5.629343 -0.043478 1.258414 0.677162 -0.306145 0.222786 -0.630946
1523957622460935936.000000 -5.591480 -0.078326 1.252306 0.677737 -0.310958 0.229812 -0.625432
1523957622759795712.000000 -5.537137 -0.128827 1.244006 0.675871 -0.318783 0.239062 -0.620020
1523957622961564160.000000 -5.500602 -0.160767 1.238132 0.673008 -0.323274 0.246637 -0.617838
1523957624211752192.000000 -5.296049 -0.329329 1.201183 0.650432 -0.346077 0.267020 -0.621184
1523957624711662848.000000 -5.226434 -0.392663 1.172511 0.649050 -0.347375 0.261628 -0.624192
1523957624961256192.000000 -5.193628 -0.422995 1.154142 0.650129 -0.344704 0.260736 -0.624922
1523957625111729664.000000 -5.174364 -0.441622 1.142330 0.651270 -0.342934 0.259537 -0.625208
1523957626111541760.000000 -5.040224 -0.574084 1.046359 0.659998 -0.327523 0.247876 -0.629038
1523957626262827520.000000 -5.018642 -0.596460 1.031584 0.660917 -0.326797 0.242059 -0.630714
1523957626662123776.000000 -4.958158 -0.658344 0.992960 0.664047 -0.323181 0.225532 -0.635398
1523957626962469120.000000 -4.910172 -0.708494 0.965868 0.666793 -0.319884 0.212234 -0.638763
1523957627511484160.000000 -4.821040 -0.804374 0.924101 0.672724 -0.310479 0.189444 -0.644326
1523957627964076032.000000 -4.750073 -0.889310 0.897907 0.678986 -0.299623 0.172607 -0.647619
1523957628112953088.000000 -4.728230 -0.916522 0.889178 0.681156 -0.293818 0.170162 -0.648647
1523957628262329856.000000 -4.706700 -0.943915 0.879791 0.683342 -0.286385 0.170108 -0.649685
1523957628712502528.000000 -4.646770 -1.025231 0.853046 0.688531 -0.263313 0.173385 -0.653092
1523957629063321856.000000 -4.602272 -1.084393 0.834190 0.689614 -0.250263 0.178681 -0.655648
1523957629512972032.000000 -4.550885 -1.157774 0.807166 0.689822 -0.237044 0.177617 -0.660612
1523957629963332864.000000 -4.500454 -1.223216 0.771351 0.689817 -0.226319 0.170850 -0.666140
1523957630413491712.000000 -4.450278 -1.280520 0.726032 0.690542 -0.215992 0.161689 -0.671086
1523957630563717632.000000 -4.433103 -1.298261 0.709073 0.691061 -0.212983 0.158913 -0.672175
1523957630713350400.000000 -4.414711 -1.314594 0.691166 0.691557 -0.210450 0.157277 -0.672847
1523957630863336704.000000 -4.395106 -1.329544 0.673086 0.691698 -0.208281 0.157300 -0.673372
1523957631313899520.000000 -4.330634 -1.372310 0.624360 0.692581 -0.209329 0.153275 -0.673067
1523957632265139712.000000 -4.199063 -1.456098 0.553893 0.699535 -0.213482 0.113655 -0.672427
1523957632614199296.000000 -4.157216 -1.486906 0.538050 0.702780 -0.203719 0.102539 -0.673858
1523957633064110080.000000 -4.106774 -1.530752 0.526686 0.706215 -0.188280 0.088090 -0.676794
1523957633214546176.000000 -4.091279 -1.546050 0.524527 0.707228 -0.182406 0.083418 -0.677937
1523957633714998528.000000 -4.039354 -1.597081 0.518755 0.709518 -0.162680 0.075245 -0.681511
1523957634165703936.000000 -3.983717 -1.643899 0.512061 0.709523 -0.152468 0.082244 -0.683056
1523957634314591744.000000 -3.963559 -1.658528 0.508839 0.709011 -0.150002 0.087491 -0.683483
1523957634965168128.000000 -3.877709 -1.714108 0.490865 0.706160 -0.151842 0.102875 -0.683885
1523957635515068416.000000 -3.819336 -1.751034 0.470061 0.705433 -0.157532 0.093624 -0.684677
1523957636116070656.000000 -3.764036 -1.780099 0.431490 0.703986 -0.148485 0.093595 -0.688183
1523957636415696128.000000 -3.740518 -1.789028 0.407346 0.703227 -0.139443 0.097460 -0.690311
1523957636765649664.000000 -3.716649 -1.795862 0.376375 0.702490 -0.131558 0.097077 -0.692659
1523957636966106880.000000 -3.701705 -1.798611 0.356439 0.702266 -0.129783 0.096497 -0.693302
1523957637766722048.000000 -3.624076 -1.813488 0.269197 0.708936 -0.149136 0.075268 -0.685203
1523957638566492160.000000 -3.543371 -1.854658 0.203918 0.720842 -0.162819 0.026824 -0.673170
1523957638718203904.000000 -3.528601 -1.866711 0.198045 0.722455 -0.160350 0.020068 -0.672268
1523957638867296256.000000 -3.513902 -1.879173 0.194445 0.723602 -0.155762 0.015126 -0.672243
1523957639167595264.000000 -3.484783 -1.907909 0.194822 0.724697 -0.142167 0.008937 -0.674183
1523957639317233152.000000 -3.470631 -1.923832 0.198724 0.724812 -0.134186 0.006651 -0.675720
1523957639616825600.000000 -3.444086 -1.956152 0.211114 0.724191 -0.117201 0.003410 -0.679558
1523957640218068224.000000 -3.388310 -2.021592 0.248853 0.721313 -0.085988 0.001742 -0.687249
1523957640367273472.000000 -3.366516 -2.040870 0.257397 0.720963 -0.085512 0.008305 -0.687628
1523957640818264320.000000 -3.274498 -2.103466 0.276844 0.717824 -0.106202 0.052703 -0.686055
1523957640969685760.000000 -3.243886 -2.122876 0.283419 0.716180 -0.114088 0.065990 -0.685358
1523957641117812992.000000 -3.211352 -2.142146 0.289415 0.714402 -0.124604 0.079332 -0.683967
1523957641318210048.000000 -3.157797 -2.168354 0.296909 0.710748 -0.145705 0.102888 -0.680457
1523957641469798400.000000 -3.114318 -2.185359 0.302082 0.706674 -0.162751 0.123203 -0.677455
1523957641619399680.000000 -3.071855 -2.200009 0.306096 0.702091 -0.178659 0.142529 -0.674414
1523957641918556928.000000 -2.995152 -2.223743 0.311733 0.692704 -0.204385 0.171330 -0.670100
1523957642069045248.000000 -2.960553 -2.233712 0.312990 0.688276 -0.214897 0.180025 -0.669094
1523957642221838080.000000 -2.927318 -2.243057 0.312867 0.684076 -0.224203 0.186124 -0.668679
1523957642368538624.000000 -2.896405 -2.251207 0.311527 0.680348 -0.232118 0.189869 -0.668729
1523957642818186240.000000 -2.806283 -2.273575 0.296184 0.672802 -0.249844 0.194371 -0.668682
1523957642969676544.000000 -2.775651 -2.282457 0.284234 0.672761 -0.253906 0.194678 -0.667103
1523957643119938560.000000 -2.745384 -2.292691 0.267928 0.673819 -0.256566 0.195830 -0.664675
1523957643269287424.000000 -2.715417 -2.304391 0.248224 0.675750 -0.258559 0.197002 -0.661589
1523957643569273344.000000 -2.655771 -2.330778 0.199231 0.680700 -0.259681 0.202003 -0.654529
1523957644018692608.000000 -2.569636 -2.375884 0.109372 0.687193 -0.256495 0.214899 -0.644821
1523957644169233408.000000 -2.542046 -2.391685 0.076459 0.688455 -0.254555 0.219801 -0.642587
1523957644771418624.000000 -2.439118 -2.457930 -0.052238 0.688354 -0.258069 0.219521 -0.641389
1523957644869894144.000000 -2.424217 -2.469263 -0.069886 0.687289 -0.260783 0.215090 -0.642933
1523957645170843904.000000 -2.383444 -2.501831 -0.115559 0.682744 -0.267956 0.197213 -0.650513
1523957645919351552.000000 -2.297820 -2.570114 -0.190438 0.678118 -0.270295 0.143908 -0.668122
1523957646220879360.000000 -2.260333 -2.601254 -0.221997 0.683186 -0.265271 0.133535 -0.667126
1523957646370544384.000000 -2.240490 -2.618510 -0.238901 0.686907 -0.262463 0.131824 -0.664751
1523957646970413568.000000 -2.131221 -2.704310 -0.290977 0.698075 -0.270424 0.137513 -0.648577
1523957647121131008.000000 -2.101248 -2.729678 -0.299722 0.700687 -0.274870 0.140522 -0.643225
1523957647420883968.000000 -2.032307 -2.783664 -0.311890 0.702968 -0.286354 0.153626 -0.632643
1523957647870265856.000000 -1.949682 -2.873233 -0.301576 0.698931 -0.291106 0.160977 -0.633119
1523957648170366464.000000 -1.906113 -2.933298 -0.279361 0.693317 -0.284222 0.160504 -0.642470
1523957648271278848.000000 -1.892630 -2.952421 -0.271026 0.691092 -0.279344 0.161864 -0.646652
1523957648421146368.000000 -1.873471 -2.979574 -0.258164 0.687656 -0.270124 0.165809 -0.653200
1523957648571050240.000000 -1.855436 -3.004787 -0.245517 0.684143 -0.259028 0.171532 -0.659871
1523957649020769536.000000 -1.801579 -3.068445 -0.223045 0.674834 -0.221689 0.195916 -0.676069
1523957649170803456.000000 -1.781191 -3.086270 -0.223365 0.672108 -0.210762 0.203364 -0.680069
1523957649471373824.000000 -1.735311 -3.118500 -0.235269 0.668929 -0.196379 0.212076 -0.684830
1523957649772986880.000000 -1.683098 -3.146928 -0.268045 0.668929 -0.188595 0.216472 -0.685642
1523957649921561088.000000 -1.655647 -3.159859 -0.290924 0.670092 -0.187925 0.215793 -0.684904
1523957650071680768.000000 -1.626939 -3.171802 -0.318204 0.671753 -0.188734 0.213977 -0.683624
1523957650221645824.000000 -1.597726 -3.182264 -0.348833 0.673383 -0.190338 0.211497 -0.682346
1523957650571390464.000000 -1.525940 -3.204064 -0.424532 0.677857 -0.201809 0.198113 -0.678627
1523957650872979712.000000 -1.444005 -3.223180 -0.485887 0.680207 -0.230433 0.191663 -0.668942
1523957651171888128.000000 -1.353364 -3.242715 -0.540756 0.679526 -0.266552 0.189910 -0.656604
1523957651322894848.000000 -1.304666 -3.252417 -0.565463 0.678149 -0.286420 0.190641 -0.649410
1523957651473044992.000000 -1.254960 -3.261506 -0.586647 0.675853 -0.306703 0.192644 -0.641906
1523957651622175744.000000 -1.209076 -3.270645 -0.604379 0.673225 -0.323912 0.194105 -0.635746
1523957653072351744.000000 -0.949295 -3.407877 -0.610545 0.659488 -0.326144 0.213482 -0.642753
1523957653373339648.000000 -0.905918 -3.432425 -0.591177 0.655569 -0.325835 0.241684 -0.636906
1523957653522745856.000000 -0.880082 -3.441803 -0.579224 0.651756 -0.331242 0.259649 -0.630932
1523957653672563968.000000 -0.851919 -3.448872 -0.565922 0.646361 -0.339989 0.279304 -0.623389
1523957653822832128.000000 -0.825085 -3.454570 -0.550865 0.640232 -0.350539 0.295757 -0.616241
1523957654074014208.000000 -0.791331 -3.465394 -0.525387 0.631125 -0.365023 0.310839 -0.609770
1523957654222809856.000000 -0.775375 -3.472308 -0.511279 0.626488 -0.371719 0.314730 -0.608509
1523957654323854848.000000 -0.764935 -3.476785 -0.502478 0.623720 -0.375608 0.316522 -0.608034
1523957654522999296.000000 -0.744569 -3.484117 -0.488839 0.618890 -0.380212 0.322573 -0.606927
1523957654973862656.000000 -0.704652 -3.496519 -0.476679 0.611123 -0.374866 0.345260 -0.605640
1523957655423471360.000000 -0.661953 -3.498825 -0.487320 0.603282 -0.372307 0.373038 -0.598566
1523957655574043136.000000 -0.643510 -3.495907 -0.495358 0.599227 -0.375960 0.382783 -0.594187
1523957656073788160.000000 -0.570614 -3.473224 -0.530281 0.579868 -0.405806 0.408372 -0.576460
1523957656574353408.000000 -0.498258 -3.449386 -0.579463 0.564296 -0.442200 0.404549 -0.567776
1523957657324314112.000000 -0.395948 -3.419805 -0.673865 0.557845 -0.469193 0.391580 -0.561544
1523957657674285056.000000 -0.355426 -3.410155 -0.721233 0.559887 -0.466415 0.395864 -0.558817
1523957658026134016.000000 -0.320728 -3.401237 -0.769378 0.562308 -0.458499 0.403282 -0.557631
1523957658525714432.000000 -0.275812 -3.392964 -0.835017 0.563044 -0.452470 0.403913 -0.561344
1523957659025615104.000000 -0.212617 -3.371927 -0.901376 0.557788 -0.456861 0.415253 -0.554721
1523957659425890560.000000 -0.144301 -3.348208 -0.949236 0.546262 -0.474895 0.427257 -0.541778
1523957659625133568.000000 -0.106984 -3.334140 -0.971912 0.538645 -0.486312 0.433893 -0.533946
1523957659976980224.000000 -0.040255 -3.308015 -1.008727 0.523131 -0.509281 0.441921 -0.521222
1523957660175531008.000000 -0.002531 -3.293636 -1.026286 0.513981 -0.522778 0.443384 -0.515691
1523957660675612160.000000 0.095208 -3.265543 -1.055537 0.493322 -0.555565 0.439167 -0.505088
1523957660875854848.000000 0.132251 -3.258549 -1.062911 0.488462 -0.562257 0.438981 -0.502561
1523957661726539520.000000 0.258932 -3.261803 -1.077448 0.493104 -0.543559 0.454979 -0.504368
1523957662126205696.000000 0.305428 -3.272817 -1.095868 0.503823 -0.520934 0.468716 -0.505070
1523957662426281472.000000 0.339344 -3.280052 -1.119383 0.511889 -0.508666 0.471021 -0.507314
1523957662626278400.000000 0.363209 -3.283332 -1.139551 0.516932 -0.504716 0.467302 -0.509581
1523957662977982464.000000 0.410168 -3.287990 -1.178241 0.524908 -0.507706 0.448170 -0.515606
1523957663376949504.000000 0.474378 -3.292847 -1.224911 0.533741 -0.517039 0.418123 -0.522460
1523957663727742976.000000 0.536247 -3.302774 -1.258395 0.540353 -0.525510 0.388182 -0.530258
1523957664477542912.000000 0.658248 -3.349564 -1.285671 0.554854 -0.527254 0.336573 -0.548506
1523957665227595776.000000 0.776442 -3.431957 -1.263968 0.579070 -0.490120 0.341029 -0.555122
1523957665529035520.000000 0.822969 -3.471680 -1.249988 0.585679 -0.473701 0.353445 -0.554675
1523957665727909376.000000 0.857028 -3.496622 -1.239428 0.587355 -0.466356 0.364003 -0.552293
1523957666079728128.000000 0.925111 -3.536860 -1.220864 0.584307 -0.462359 0.386005 -0.543885
1523957666378134528.000000 0.988760 -3.568961 -1.207540 0.577454 -0.464405 0.403902 -0.536412
1523957666679683072.000000 1.056555 -3.601673 -1.196828 0.568684 -0.472365 0.411947 -0.532700
1523957667028867840.000000 1.142638 -3.636113 -1.194154 0.558211 -0.484776 0.413485 -0.531434
1523957667228494592.000000 1.197021 -3.654288 -1.199116 0.553572 -0.490193 0.414869 -0.530238
1523957667629964800.000000 1.315898 -3.688994 -1.221586 0.546904 -0.497786 0.420589 -0.525557
1523957668030285568.000000 1.453026 -3.711206 -1.257267 0.537923 -0.503767 0.448389 -0.505772
1523957668479111936.000000 1.609918 -3.735318 -1.304998 0.524220 -0.511466 0.475383 -0.487449
1523957668678841344.000000 1.681094 -3.747395 -1.327289 0.516612 -0.518455 0.478985 -0.484655
1523957668928941824.000000 1.771253 -3.763127 -1.356325 0.507064 -0.529307 0.477225 -0.484743
1523957670079463168.000000 2.146663 -3.773513 -1.473224 0.465360 -0.574335 0.487453 -0.464724
1523957672180353024.000000 2.429616 -3.840574 -1.429757 0.461545 -0.565589 0.469976 -0.496194
1523957672530542336.000000 2.452033 -3.863100 -1.401368 0.474390 -0.555303 0.462267 -0.502894
1523957673781958656.000000 2.541630 -3.928256 -1.312386 0.510892 -0.521652 0.449236 -0.514835
1523957675283286272.000000 2.734612 -3.962554 -1.267323 0.507462 -0.511023 0.463217 -0.516495
1523957675681922304.000000 2.781982 -3.962472 -1.277885 0.507786 -0.504983 0.460688 -0.524321
1523957676081913344.000000 2.827527 -3.957789 -1.300653 0.511128 -0.500227 0.453331 -0.531989
1523957676482405888.000000 2.883573 -3.952644 -1.342573 0.519640 -0.498951 0.441177 -0.535150
1523957676682915072.000000 2.919984 -3.951836 -1.370796 0.525984 -0.501175 0.432392 -0.534043
1523957678833925632.000000 3.334511 -3.994854 -1.429448 0.513928 -0.529565 0.411204 -0.535117
1523957679284135680.000000 3.369038 -4.028991 -1.386970 0.523128 -0.498454 0.422791 -0.546927
1523957679684226816.000000 3.391972 -4.058899 -1.353500 0.534068 -0.478686 0.422749 -0.553999
1523957680535277824.000000 3.470295 -4.108651 -1.316385 0.556427 -0.480976 0.386089 -0.556764
1523957680934025984.000000 3.517238 -4.131526 -1.290624 0.561189 -0.490042 0.363107 -0.559535
1523957681984577024.000000 3.596478 -4.203250 -1.168731 0.574970 -0.448220 0.355254 -0.585067
1523957682384531456.000000 3.628974 -4.216782 -1.133629 0.577100 -0.431388 0.380682 -0.579604
1523957682585806592.000000 3.652861 -4.216686 -1.122632 0.574525 -0.430963 0.399113 -0.570001
1523957682986022912.000000 3.712164 -4.203505 -1.113576 0.560509 -0.448539 0.433998 -0.544324
1523957683385665792.000000 3.783185 -4.176126 -1.110621 0.534632 -0.489235 0.452806 -0.519407
1523957685086484224.000000 4.019368 -4.100123 -1.118434 0.473424 -0.552717 0.477483 -0.492325
1523957685436653312.000000 4.047361 -4.098170 -1.113462 0.474069 -0.550655 0.473368 -0.497956
1523957685836847104.000000 4.082917 -4.100187 -1.110337 0.481130 -0.549707 0.462679 -0.502259
1523957686737741312.000000 4.168526 -4.113846 -1.106433 0.505046 -0.536336 0.454976 -0.500269
1523957687739270912.000000 4.258167 -4.141041 -1.115569 0.514992 -0.522584 0.441604 -0.516405
1523957687937439232.000000 4.286552 -4.144859 -1.123967 0.517334 -0.522838 0.436517 -0.518131
1523957688287725312.000000 4.345206 -4.155718 -1.138512 0.521120 -0.525783 0.424728 -0.521145
1523957688687121920.000000 4.421903 -4.170206 -1.157660 0.527425 -0.525440 0.415559 -0.522539
1523957688988418048.000000 4.480915 -4.185918 -1.171965 0.531749 -0.524882 0.407336 -0.525185
1523957689137451776.000000 4.510183 -4.195319 -1.178663 0.533551 -0.524414 0.402855 -0.527277
1523957689438850560.000000 4.570110 -4.215889 -1.189534 0.536980 -0.523044 0.393523 -0.532182
1523957689638945792.000000 4.612024 -4.231235 -1.193290 0.538964 -0.522953 0.385478 -0.536138
1523957689988256512.000000 4.688006 -4.263006 -1.197214 0.543656 -0.522026 0.371340 -0.542248
1523957690339171584.000000 4.764017 -4.298239 -1.195759 0.550401 -0.516788 0.362329 -0.546540
1523957690639830784.000000 4.827209 -4.331126 -1.188353 0.556657 -0.509285 0.358292 -0.549899
1523957690738500608.000000 4.847349 -4.342493 -1.184976 0.558712 -0.506244 0.357597 -0.551074
1523957690888123392.000000 4.877572 -4.359934 -1.179243 0.561967 -0.500720 0.357435 -0.552913
1523957691240146176.000000 4.946300 -4.402189 -1.165782 0.570041 -0.485009 0.359311 -0.557419
1523957691588564992.000000 5.011258 -4.446698 -1.153294 0.576289 -0.472049 0.357472 -0.563272
1523957691989679104.000000 5.085950 -4.496907 -1.144528 0.582471 -0.461149 0.350091 -0.570531
1523957692290535680.000000 5.142862 -4.533770 -1.143490 0.587314 -0.455374 0.341354 -0.575478
1523957692439637760.000000 5.171000 -4.552385 -1.145947 0.590003 -0.452505 0.337178 -0.577449
1523957692888942592.000000 5.257318 -4.609021 -1.158105 0.597884 -0.443154 0.327280 -0.582269
1523957693189841152.000000 5.313371 -4.648267 -1.169980 0.602619 -0.436682 0.320484 -0.586046
1523957693589297664.000000 5.383594 -4.701882 -1.192497 0.608593 -0.424814 0.315080 -0.591500
1523957694289761280.000000 5.495261 -4.798649 -1.243011 0.618413 -0.400804 0.303074 -0.604208
1523957694590047744.000000 5.538587 -4.840383 -1.267890 0.622546 -0.390637 0.294865 -0.610650
1523957694891144960.000000 5.579342 -4.881511 -1.295057 0.626891 -0.379906 0.286105 -0.617109
1523957695240192512.000000 5.623368 -4.928252 -1.326622 0.632135 -0.365974 0.276728 -0.624412
1523957695641705984.000000 5.666864 -4.981144 -1.361493 0.638197 -0.353021 0.258914 -0.633281
1523957696040376064.000000 5.705284 -5.034328 -1.396014 0.645542 -0.340125 0.237218 -0.641341
1523957696442298880.000000 5.742965 -5.087912 -1.433920 0.654080 -0.324058 0.218847 -0.647512
1523957696841726976.000000 5.778278 -5.140268 -1.470743 0.662329 -0.305948 0.203434 -0.652940
1523957697191355136.000000 5.806932 -5.188088 -1.499504 0.667796 -0.294798 0.186853 -0.657441
1523957697891161344.000000 5.902487 -5.279535 -1.544908 0.672748 -0.305532 0.180539 -0.649204
1523957698091919616.000000 5.925684 -5.308384 -1.552966 0.674256 -0.306781 0.172315 -0.649285
1523957698996001024.000000 6.005487 -5.452457 -1.545088 0.682643 -0.274327 0.144531 -0.661706
1523957699191857664.000000 6.017375 -5.483593 -1.537735 0.684508 -0.261892 0.142837 -0.665176
1523957699541779968.000000 6.031839 -5.534871 -1.526165 0.686229 -0.237973 0.145683 -0.671740
1523957700392275456.000000 6.071295 -5.626600 -1.526763 0.685728 -0.214798 0.173737 -0.673390
1523957701842776832.000000 6.141659 -5.724866 -1.623651 0.692426 -0.248429 0.151083 -0.660305
1523957702244399616.000000 6.162625 -5.761148 -1.655004 0.695674 -0.246965 0.148207 -0.658089
1523957702443621376.000000 6.171702 -5.781405 -1.667941 0.696424 -0.243838 0.146691 -0.658801
1523957702943371776.000000 6.190539 -5.836543 -1.691619 0.696822 -0.229342 0.141983 -0.664591
1523957703343297280.000000 6.202916 -5.879727 -1.710147 0.695469 -0.218635 0.141500 -0.669701
1523957703744857088.000000 6.227652 -5.921468 -1.735632 0.692923 -0.222701 0.155440 -0.667907
1523957703945248512.000000 6.247126 -5.939870 -1.749150 0.690262 -0.233611 0.170085 -0.663352
1523957704744512256.000000 6.360759 -5.995298 -1.800351 0.665847 -0.313277 0.252314 -0.628365
1523957705145286144.000000 6.429159 -6.015599 -1.827258 0.648566 -0.359235 0.285834 -0.607134
1523957705345104640.000000 6.465710 -6.026413 -1.839072 0.638742 -0.380281 0.299447 -0.598103
1523957705746609920.000000 6.532380 -6.055616 -1.863256 0.622087 -0.412037 0.308322 -0.590060
1523957706144648960.000000 6.598686 -6.090261 -1.885528 0.612277 -0.430147 0.303141 -0.590081
1523957706746163712.000000 6.702694 -6.156767 -1.915258 0.612137 -0.439512 0.291084 -0.589396
1523957707446405632.000000 6.818306 -6.243281 -1.945381 0.620786 -0.436339 0.284137 -0.586088
1523957707596735488.000000 6.844104 -6.261034 -1.949781 0.621710 -0.436518 0.285271 -0.584422
1523957707745529344.000000 6.870306 -6.278423 -1.953258 0.621986 -0.437136 0.287984 -0.582332
1523957707946010368.000000 6.906852 -6.301175 -1.957173 0.620970 -0.439433 0.294264 -0.578536
1523957708445542400.000000 6.991812 -6.354436 -1.961428 0.613066 -0.446961 0.309678 -0.573127
1523957708796331520.000000 7.047332 -6.387039 -1.962760 0.606059 -0.450146 0.324064 -0.570126
1523957708996759552.000000 7.078870 -6.404209 -1.963304 0.601423 -0.453926 0.332401 -0.567231
1523957709396376064.000000 7.143735 -6.435054 -1.965258 0.590761 -0.467548 0.346116 -0.559110
1523957709997238272.000000 7.248980 -6.472634 -1.970029 0.574946 -0.490342 0.370357 -0.540220
1523957710196329984.000000 7.284159 -6.483803 -1.970252 0.569308 -0.495835 0.381321 -0.533508
1523957710497338880.000000 7.338418 -6.498900 -1.971408 0.559811 -0.505265 0.397271 -0.522967
1523957710897375488.000000 7.409091 -6.516402 -1.975566 0.546249 -0.519685 0.411778 -0.511839
1523957711498020864.000000 7.517312 -6.532685 -1.987328 0.524821 -0.543055 0.424741 -0.499249
1523957711697199360.000000 7.553494 -6.534820 -1.993964 0.518167 -0.550251 0.429545 -0.494184
1523957712097700864.000000 7.624676 -6.536990 -2.008266 0.506084 -0.562112 0.439551 -0.484462
1523957712297950464.000000 7.659585 -6.537278 -2.016693 0.500511 -0.568113 0.442463 -0.480586
1523957712697267200.000000 7.729721 -6.539591 -2.033564 0.489585 -0.581936 0.441860 -0.475833
1523957713098110720.000000 7.801012 -6.540039 -2.049769 0.481764 -0.593877 0.440271 -0.470504
1523957713299121664.000000 7.837206 -6.540836 -2.052867 0.478495 -0.598394 0.440233 -0.468147
1523957713698305536.000000 7.909451 -6.548437 -2.049745 0.472661 -0.605455 0.438151 -0.466947
1523957714048474368.000000 7.973316 -6.558076 -2.040210 0.470831 -0.604915 0.442012 -0.465855
1523957714348745216.000000 8.028022 -6.567054 -2.029066 0.469790 -0.602475 0.448275 -0.464081
1523957714498232064.000000 8.054296 -6.571767 -2.022950 0.469307 -0.601488 0.450730 -0.463470
1523957714848365056.000000 8.113679 -6.580762 -2.010689 0.468063 -0.600902 0.454672 -0.461635
1523957715449349632.000000 8.214990 -6.581746 -1.998240 0.463273 -0.608225 0.462023 -0.449417
1523957716198715136.000000 8.340746 -6.568500 -1.994873 0.449599 -0.627549 0.469775 -0.428199
1523957716499527936.000000 8.389353 -6.562601 -1.985903 0.442364 -0.631751 0.478534 -0.419775
1523957716800064256.000000 8.437496 -6.560301 -1.971033 0.434222 -0.633579 0.489582 -0.412721
1523957717199636224.000000 8.501803 -6.555839 -1.944308 0.423815 -0.633525 0.506628 -0.402934
1523957718200305664.000000 8.657139 -6.535788 -1.890074 0.393603 -0.649742 0.524171 -0.384913
1523957718399883264.000000 8.686761 -6.529164 -1.885454 0.388976 -0.652523 0.526635 -0.381533
1523957718850745600.000000 8.752751 -6.512858 -1.880990 0.379569 -0.659285 0.530064 -0.374571
1523957719002468352.000000 8.774630 -6.506326 -1.880177 0.376750 -0.662293 0.529908 -0.372324
1523957719500614144.000000 8.844098 -6.481261 -1.879054 0.367029 -0.674638 0.525984 -0.365369
1523957719900202752.000000 8.898104 -6.453389 -1.879681 0.360470 -0.683363 0.527867 -0.352751
1523957720300760320.000000 8.948788 -6.422150 -1.881775 0.352307 -0.692646 0.530311 -0.338956
1523957720504223744.000000 8.974023 -6.405273 -1.883422 0.347276 -0.697864 0.531012 -0.332282
1523957720652381952.000000 8.992718 -6.393355 -1.883783 0.343258 -0.701739 0.531133 -0.328075
1523957721003798528.000000 9.037676 -6.365671 -1.879172 0.333343 -0.710159 0.531113 -0.320119
1523957721550835456.000000 9.107118 -6.320928 -1.858784 0.319148 -0.716040 0.538912 -0.308229
1523957722351236096.000000 9.211181 -6.268674 -1.788565 0.298642 -0.711526 0.560457 -0.300720
1523957722503008256.000000 9.230828 -6.257415 -1.773837 0.296462 -0.709628 0.566029 -0.296900
1523957723002499328.000000 9.293979 -6.217382 -1.732361 0.288405 -0.705718 0.582232 -0.282472
1523957723402507264.000000 9.344760 -6.180576 -1.708017 0.279534 -0.707157 0.589807 -0.271879
1523957723601837056.000000 9.371565 -6.160846 -1.700214 0.275209 -0.708792 0.592580 -0.265938
1523957723952707840.000000 9.420501 -6.121110 -1.693153 0.267636 -0.713027 0.596467 -0.253360
1523957724504844800.000000 9.501412 -6.052841 -1.684069 0.246240 -0.729689 0.589949 -0.242654
1523957724652548352.000000 9.523583 -6.032919 -1.680654 0.239369 -0.735112 0.586696 -0.241041
1523957725054020608.000000 9.584036 -5.977117 -1.666595 0.223686 -0.747263 0.579952 -0.234985
1523957725255307520.000000 9.614223 -5.949026 -1.655744 0.217063 -0.751831 0.577765 -0.231993
1523957725653236224.000000 9.672677 -5.895561 -1.625611 0.206403 -0.757293 0.576781 -0.226337
1523957726054548480.000000 9.728585 -5.845517 -1.588357 0.200041 -0.759351 0.578958 -0.219496
1523957726552979968.000000 9.789155 -5.783443 -1.541880 0.197695 -0.759626 0.584276 -0.206169
1523957726854098176.000000 9.822957 -5.745457 -1.516917 0.196823 -0.760355 0.586664 -0.197349
1523957727603464448.000000 9.892074 -5.645451 -1.461119 0.191024 -0.762834 0.591568 -0.177882
1523957728403734016.000000 9.952521 -5.538511 -1.396049 0.174985 -0.756814 0.607491 -0.166034
1523957728804649728.000000 9.979955 -5.480056 -1.371126 0.166828 -0.756923 0.612235 -0.156220
1523957729154058496.000000 10.005988 -5.428824 -1.356317 0.163342 -0.756912 0.615391 -0.147299
1523957729354749952.000000 10.023038 -5.400376 -1.346997 0.161649 -0.754229 0.619913 -0.143929
1523957729754900224.000000 10.063719 -5.340589 -1.329885 0.155815 -0.750369 0.626430 -0.142316
1523957730104452352.000000 10.105951 -5.281178 -1.320783 0.149232 -0.751166 0.626553 -0.144606
1523957730554757632.000000 10.164768 -5.191934 -1.322468 0.143918 -0.757845 0.619208 -0.146768
1523957730954990336.000000 10.221118 -5.105864 -1.332750 0.141738 -0.769284 0.604866 -0.149160
1523957731355671552.000000 10.276059 -5.019441 -1.346926 0.139966 -0.783276 0.585643 -0.154628
1523957731505442304.000000 10.295870 -4.987156 -1.351764 0.139971 -0.788027 0.578824 -0.156155
1523957731805718528.000000 10.334793 -4.924091 -1.358371 0.140823 -0.796880 0.565854 -0.157985
1523957731955287040.000000 10.353991 -4.893980 -1.359339 0.141747 -0.800525 0.560238 -0.158748
1523957732055364096.000000 10.367201 -4.874479 -1.357152 0.141450 -0.802072 0.557769 -0.159895
1523957732205460736.000000 10.387570 -4.846235 -1.350493 0.140563 -0.803371 0.555429 -0.162286
1523957732607158784.000000 10.443108 -4.777118 -1.313034 0.138053 -0.801122 0.556025 -0.173153
1523957733105995776.000000 10.511053 -4.704865 -1.246694 0.141879 -0.793862 0.561075 -0.186680
1523957733406664960.000000 10.553698 -4.665522 -1.201330 0.147922 -0.789315 0.563133 -0.194888
1523957733656170496.000000 10.589091 -4.633986 -1.162518 0.154155 -0.786386 0.562960 -0.202263
1523957734106018304.000000 10.652874 -4.579422 -1.095305 0.169424 -0.782922 0.558690 -0.214929
1523957734556280064.000000 10.717186 -4.526366 -1.033540 0.187521 -0.780043 0.553490 -0.223645
1523957734857704448.000000 10.759682 -4.493234 -0.999935 0.200939 -0.778039 0.550422 -0.226528
1523957735257849600.000000 10.813951 -4.445833 -0.958399 0.211592 -0.777032 0.548636 -0.224608
1523957735406777088.000000 10.832831 -4.424940 -0.943010 0.212356 -0.777720 0.549129 -0.220258
1523957735757363200.000000 10.871943 -4.381470 -0.906505 0.214214 -0.776619 0.553945 -0.210048
1523957736056962560.000000 10.900652 -4.351987 -0.881711 0.216306 -0.776593 0.554803 -0.205690
1523957736808204544.000000 10.955033 -4.288858 -0.819136 0.208504 -0.771735 0.571777 -0.184454
1523957737208191744.000000 10.961959 -4.240599 -0.779307 0.184151 -0.770801 0.594224 -0.137300
1523957737858818304.000000 10.950684 -4.174792 -0.729343 0.131452 -0.764767 0.627372 -0.065237
1523957738309653248.000000 10.944846 -4.144489 -0.719014 0.103783 -0.761293 0.637680 -0.055008
1523957738608080640.000000 10.938288 -4.118323 -0.726763 0.092545 -0.761799 0.639199 -0.050224
1523957739058824704.000000 10.926655 -4.059822 -0.756414 0.081945 -0.769276 0.632209 -0.042570
1523957739259698432.000000 10.922181 -4.026983 -0.771819 0.076964 -0.774739 0.626194 -0.041692
1523957740408785408.000000 10.908770 -3.803762 -0.804968 0.044155 -0.803640 0.589172 -0.071336
1523957740610032384.000000 10.908535 -3.761733 -0.796631 0.043458 -0.806649 0.584397 -0.076873
1523957741760748800.000000 10.941169 -3.538229 -0.677995 0.052524 -0.812111 0.574272 -0.089044
1523957742160247296.000000 10.968971 -3.464375 -0.616045 0.054414 -0.810809 0.574821 -0.095960
1523957742610640896.000000 11.012109 -3.387016 -0.538582 0.058741 -0.807433 0.576647 -0.109903
1523957742960247808.000000 11.047788 -3.332503 -0.479250 0.065415 -0.804697 0.577370 -0.121769
1523957743861210368.000000 11.143445 -3.202856 -0.346663 0.098354 -0.804043 0.569029 -0.141590
1523957745261636096.000000 11.289856 -3.027714 -0.181649 0.153235 -0.790823 0.573222 -0.150113
1523957745412093952.000000 11.300669 -3.005908 -0.168799 0.154582 -0.789349 0.576226 -0.144903
1523957745761680384.000000 11.321956 -2.950992 -0.147943 0.155304 -0.787383 0.582861 -0.127204
1523957746461287936.000000 11.355259 -2.839142 -0.135617 0.139160 -0.787510 0.592914 -0.094419
1523957746762658304.000000 11.373739 -2.799047 -0.130247 0.129942 -0.783424 0.600463 -0.093839
1523957747012735488.000000 11.389417 -2.766746 -0.126790 0.120728 -0.781114 0.604752 -0.097778
1523957747312194816.000000 11.395989 -2.716297 -0.125595 0.103982 -0.780480 0.610205 -0.087689
1523957747763716352.000000 11.387781 -2.628746 -0.128717 0.068750 -0.782781 0.616357 -0.051297
1523957749862841088.000000 11.353952 -2.263079 -0.033273 -0.079019 -0.781214 0.618209 0.035761
1523957750013885440.000000 11.348937 -2.249102 -0.016627 -0.082328 -0.778936 0.620385 0.040042
1523957750513805056.000000 11.327020 -2.205955 0.038015 -0.086008 -0.776987 0.621218 0.054606
1523957750766079744.000000 11.312844 -2.181436 0.064260 -0.086485 -0.779042 0.617957 0.061187
1523957751213952000.000000 11.289281 -2.146334 0.117370 -0.082545 -0.779007 0.617631 0.069760
1523957751515484928.000000 11.266001 -2.134216 0.155971 -0.079082 -0.772509 0.623513 0.090591
1523957751814697728.000000 11.220990 -2.125985 0.190526 -0.092026 -0.758822 0.629908 0.137611
1523957752013983488.000000 11.183881 -2.124787 0.210100 -0.109843 -0.745559 0.633093 0.176832
1523957752213750528.000000 11.144766 -2.128820 0.225987 -0.133071 -0.729226 0.635133 0.217091
1523957752665669120.000000 11.062716 -2.149510 0.240557 -0.193646 -0.684630 0.635725 0.299394
1523957752914059520.000000 11.022102 -2.162649 0.229282 -0.229899 -0.658191 0.632339 0.337755
1523957753267107584.000000 10.968764 -2.181141 0.188090 -0.282202 -0.620953 0.621328 0.385657
1523957753464321280.000000 10.940824 -2.190335 0.152854 -0.310316 -0.601116 0.610973 0.411188
1523957753614382080.000000 10.919901 -2.196960 0.121500 -0.331510 -0.586896 0.601170 0.429242
1523957753964676608.000000 10.872532 -2.210593 0.035021 -0.378628 -0.556258 0.572824 0.468071
1523957754164684288.000000 10.847746 -2.218151 -0.019817 -0.404043 -0.539982 0.555729 0.486142
1523957754366370304.000000 10.825155 -2.224617 -0.075568 -0.428701 -0.524752 0.540688 0.498505
1523957754715655680.000000 10.790506 -2.232822 -0.168441 -0.467212 -0.500157 0.522598 0.508377
1523957755015537408.000000 10.764527 -2.237339 -0.241492 0.496209 0.481409 -0.515330 -0.506416
1523957755316135936.000000 10.738408 -2.239167 -0.307049 0.519134 0.467707 -0.510248 -0.501395
1523957755716859392.000000 10.701378 -2.240645 -0.379559 0.540980 0.455756 -0.502034 -0.497583
1523957757867452672.000000 10.494064 -2.430634 -0.469630 0.594214 0.377586 -0.434835 -0.561477
1523957758268337920.000000 10.459423 -2.459304 -0.453339 0.595942 0.379580 -0.435236 -0.557980
1523957758667236608.000000 10.401340 -2.488209 -0.455067 0.604558 0.384390 -0.425251 -0.553097
1523957759416866560.000000 10.291623 -2.555336 -0.442336 0.598051 0.388395 -0.400671 -0.575280
1523957760067966720.000000 10.215698 -2.617122 -0.426130 0.584834 0.372569 -0.380985 -0.611565
1523957760417186304.000000 10.184198 -2.646804 -0.430966 0.582430 0.357969 -0.368863 -0.629740
1523957760818725120.000000 10.155916 -2.672807 -0.465055 0.583364 0.339888 -0.341962 -0.653624
1523957761468819456.000000 10.135593 -2.687141 -0.589177 0.598289 0.298666 -0.285724 -0.686447
1523957761719280896.000000 10.128671 -2.686428 -0.661647 0.613177 0.276313 -0.265028 -0.690960
1523957761918422784.000000 10.122666 -2.685746 -0.723094 0.628936 0.256025 -0.254544 -0.688548
1523957762068644608.000000 10.118921 -2.683015 -0.767873 0.641771 0.240748 -0.252835 -0.682822
1523957762268814848.000000 10.114119 -2.676713 -0.826202 0.658432 0.222373 -0.255232 -0.672216
1523957762468012288.000000 10.106088 -2.668701 -0.882546 0.673829 0.207320 -0.263397 -0.658480
1523957762618619648.000000 10.096726 -2.662979 -0.927845 0.685816 0.199048 -0.270580 -0.645619
1523957762769318656.000000 10.084093 -2.659220 -0.973685 0.697102 0.193021 -0.277319 -0.632365
1523957762918168320.000000 10.069759 -2.658192 -1.016904 0.706338 0.188971 -0.283450 -0.620510
1523957763069361408.000000 10.053971 -2.659850 -1.056002 0.713452 0.186572 -0.288769 -0.610565
1523957763570432768.000000 10.000728 -2.681263 -1.139580 0.721878 0.192199 -0.306349 -0.590001
1523957763719422720.000000 9.982550 -2.692767 -1.153547 0.721080 0.197508 -0.310134 -0.587240
1523957763919321856.000000 9.957462 -2.710939 -1.163789 0.717514 0.205934 -0.314087 -0.586612
1523957764168860416.000000 9.922294 -2.738057 -1.168709 0.712122 0.218344 -0.317753 -0.586720
1523957764318782208.000000 9.899613 -2.755838 -1.167877 0.708989 0.225576 -0.320292 -0.586398
1523957764468852736.000000 9.876074 -2.774205 -1.164130 0.706041 0.232383 -0.323324 -0.585633
1523957764870596864.000000 9.807502 -2.827652 -1.145890 0.698961 0.251006 -0.332734 -0.581152
1523957765469939968.000000 9.703413 -2.913978 -1.110637 0.683292 0.283631 -0.342512 -0.579094
1523957765969837824.000000 9.628573 -2.981332 -1.073940 0.663738 0.310999 -0.346458 -0.585404
1523957766420843776.000000 9.561633 -3.032115 -1.055693 0.650778 0.332330 -0.349338 -0.586522
1523957767220286464.000000 9.427587 -3.092212 -1.088462 0.651614 0.352791 -0.357450 -0.568478
1523957767820219392.000000 9.302403 -3.120212 -1.151234 0.653273 0.362496 -0.359307 -0.559222
1523957768170378752.000000 9.227947 -3.128670 -1.185672 0.648337 0.366565 -0.362838 -0.560033
1523957768520982784.000000 9.153351 -3.142270 -1.223486 0.647690 0.360020 -0.357828 -0.568193
1523957768920715520.000000 9.076026 -3.182184 -1.278596 0.656822 0.330981 -0.326673 -0.593566
1523957769320984832.000000 9.020687 -3.229715 -1.340584 0.671917 0.286872 -0.282872 -0.621462
1523957769722617088.000000 8.974066 -3.267804 -1.415275 0.690268 0.243951 -0.241217 -0.637050
1523957769922377984.000000 8.948406 -3.280798 -1.456413 0.698642 0.227180 -0.228981 -0.638636
1523957770071723008.000000 8.928605 -3.287530 -1.486753 0.703818 0.216947 -0.224870 -0.637972
1523957770274979840.000000 8.901354 -3.294320 -1.529048 0.709499 0.206641 -0.222791 -0.635826
1523957770472488960.000000 8.874026 -3.299692 -1.571841 0.713750 0.200471 -0.222586 -0.633110
1523957770671566848.000000 8.843461 -3.306577 -1.619019 0.718037 0.197297 -0.223133 -0.629054
1523957770872730880.000000 8.809376 -3.316540 -1.671142 0.723097 0.196183 -0.224264 -0.623177
1523957771072616960.000000 8.773664 -3.330115 -1.723372 0.727763 0.196097 -0.226980 -0.616755
1523957771171782656.000000 8.755395 -3.338058 -1.748138 0.729763 0.195970 -0.229399 -0.613530
1523957771323023872.000000 8.726804 -3.351957 -1.784230 0.732192 0.196107 -0.234261 -0.608736
1523957771473370880.000000 8.697229 -3.367416 -1.818242 0.733674 0.197166 -0.239714 -0.604472
1523957771573587968.000000 8.677388 -3.377954 -1.839605 0.734180 0.198280 -0.243570 -0.601946
1523957771722743296.000000 8.647843 -3.394561 -1.869418 0.734045 0.200627 -0.249370 -0.598951
1523957771872581120.000000 8.619076 -3.412082 -1.896750 0.732838 0.203747 -0.254978 -0.597011
1523957772022551296.000000 8.590836 -3.431117 -1.919806 0.730380 0.207668 -0.260878 -0.596122
1523957772373863680.000000 8.527797 -3.479218 -1.959875 0.720441 0.219529 -0.273414 -0.598345
1523957772622687488.000000 8.485849 -3.514668 -1.978806 0.710986 0.230013 -0.282108 -0.601671
1523957772822426368.000000 8.453809 -3.541850 -1.989491 0.702986 0.238896 -0.289407 -0.604138
1523957772972548096.000000 8.429963 -3.561097 -1.996277 0.696801 0.246255 -0.294229 -0.606017
1523957773274267648.000000 8.383399 -3.596393 -2.009539 0.685217 0.261399 -0.302615 -0.608747
1523957773472580608.000000 8.354264 -3.617507 -2.018340 0.679417 0.270601 -0.307950 -0.608551
1523957773922628608.000000 8.284414 -3.661518 -2.046837 0.672122 0.289094 -0.317491 -0.603221
1523957774123803648.000000 8.251019 -3.679755 -2.063272 0.671327 0.295741 -0.321623 -0.598679
1523957774322899968.000000 8.216184 -3.697194 -2.080629 0.671838 0.300752 -0.326772 -0.592792
1523957774525240064.000000 8.179212 -3.715962 -2.098422 0.674154 0.304011 -0.334444 -0.584159
1523957774673034752.000000 8.152177 -3.730053 -2.111204 0.676561 0.305700 -0.341432 -0.576400
1523957774873960704.000000 8.113995 -3.749879 -2.129774 0.679319 0.308214 -0.350390 -0.566355
1523957775073841920.000000 8.073837 -3.770427 -2.147831 0.681302 0.311180 -0.359130 -0.556795
1523957775223680000.000000 8.042485 -3.785225 -2.160511 0.681870 0.314213 -0.365059 -0.550505
1523957775423456768.000000 7.998762 -3.805855 -2.176722 0.680719 0.319937 -0.371034 -0.544606
1523957775624386304.000000 7.951855 -3.827622 -2.192199 0.677193 0.327382 -0.374778 -0.542008
1523957775874234112.000000 7.889892 -3.851801 -2.210037 0.670209 0.338737 -0.377271 -0.541981
1523957776073873152.000000 7.838137 -3.868854 -2.223812 0.663192 0.348499 -0.378051 -0.543877
1523957776875619584.000000 7.610052 -3.924149 -2.283869 0.643423 0.373637 -0.377403 -0.551334
1523957777124737536.000000 7.535404 -3.933541 -2.304753 0.638919 0.379302 -0.382482 -0.549199
1523957777526472704.000000 7.412430 -3.938490 -2.340693 0.630492 0.389100 -0.394682 -0.543422
1523957777775407104.000000 7.335562 -3.936624 -2.366089 0.624641 0.395580 -0.401571 -0.540445
1523957778025006848.000000 7.258906 -3.934612 -2.397581 0.622576 0.399549 -0.404068 -0.538042
1523957778224618752.000000 7.195103 -3.936659 -2.428868 0.625148 0.398852 -0.398800 -0.539505
1523957778475044864.000000 7.116276 -3.942368 -2.473186 0.631837 0.394483 -0.387313 -0.543281
1523957778926550016.000000 6.977940 -3.951938 -2.550865 0.646472 0.385309 -0.371417 -0.543746
1523957779325726976.000000 6.865552 -3.958519 -2.602523 0.653919 0.378442 -0.369835 -0.540735
1523957779525687552.000000 6.813609 -3.963609 -2.619782 0.655491 0.375496 -0.373616 -0.538280
1523957779875725568.000000 6.732061 -3.972954 -2.631602 0.652746 0.373434 -0.388685 -0.532347
1523957780224396800.000000 6.661927 -3.989271 -2.630143 0.644807 0.373964 -0.401069 -0.532464
1523957780426697472.000000 6.625986 -4.004245 -2.627481 0.639038 0.374482 -0.402698 -0.537799
1523957780776634624.000000 6.572437 -4.032811 -2.620103 0.626955 0.375964 -0.399622 -0.553065
1523957780976779008.000000 6.546709 -4.050757 -2.615159 0.620301 0.375345 -0.398684 -0.561599
1523957781327495680.000000 6.509407 -4.086936 -2.621160 0.615328 0.369595 -0.396792 -0.572124
1523957781526658560.000000 6.489689 -4.110624 -2.632508 0.617356 0.364342 -0.397520 -0.572804
1523957782426803200.000000 6.414645 -4.234689 -2.749155 0.637082 0.341957 -0.387466 -0.571893
1523957782676587776.000000 6.392425 -4.278882 -2.791067 0.644296 0.333796 -0.382579 -0.571923
1523957782928099584.000000 6.368594 -4.326554 -2.834688 0.652010 0.324428 -0.377149 -0.572179
1523957783376863488.000000 6.318469 -4.401760 -2.905137 0.661980 0.314949 -0.366661 -0.572843
1523957783677636352.000000 6.271438 -4.445721 -2.956324 0.666263 0.314882 -0.356756 -0.574168
1523957783877766144.000000 6.234598 -4.471627 -2.991227 0.669538 0.315270 -0.349168 -0.574809
1523957784078118912.000000 6.193489 -4.494881 -3.025955 0.672441 0.316011 -0.341583 -0.575570
1523957784478072576.000000 6.101655 -4.539465 -3.096011 0.678357 0.313218 -0.330964 -0.576358
1523957784677999872.000000 6.052854 -4.562787 -3.129106 0.681211 0.311037 -0.326811 -0.576544
1523957784979070208.000000 5.975465 -4.597207 -3.172764 0.683538 0.307682 -0.323186 -0.577631
1523957785177559296.000000 5.923388 -4.618956 -3.197073 0.683743 0.305677 -0.323413 -0.578327
1523957785378116608.000000 5.870709 -4.641213 -3.219289 0.682085 0.304390 -0.323999 -0.580631
1523957785578163200.000000 5.817572 -4.664009 -3.239235 0.679639 0.303247 -0.325842 -0.583060
1523957785978313728.000000 5.713205 -4.707495 -3.277480 0.673137 0.303372 -0.327913 -0.589343
1523957786178350592.000000 5.661818 -4.728548 -3.295486 0.670196 0.303945 -0.329024 -0.591776
1523957786328239872.000000 5.623658 -4.744052 -3.309372 0.668230 0.304478 -0.329244 -0.593600
1523957786479247360.000000 5.585384 -4.758883 -3.323736 0.666619 0.305165 -0.328750 -0.595330
1523957786879589888.000000 5.487310 -4.795307 -3.365349 0.662601 0.308599 -0.324945 -0.600114
1523957787128419072.000000 5.428974 -4.816674 -3.391693 0.662422 0.309525 -0.325021 -0.599794
1523957787529564672.000000 5.338566 -4.847859 -3.432814 0.665062 0.310406 -0.331393 -0.592891
1523957787729477120.000000 5.295067 -4.862908 -3.452434 0.666715 0.311114 -0.336485 -0.587774
1523957788129340672.000000 5.210272 -4.892223 -3.491545 0.668065 0.315212 -0.346653 -0.578068
1523957788330468864.000000 5.168250 -4.907246 -3.509329 0.666985 0.319032 -0.351411 -0.574334
1523957788529210624.000000 5.127445 -4.921939 -3.523954 0.665688 0.323044 -0.357267 -0.569967
1523957788781142016.000000 5.077677 -4.940301 -3.542231 0.662174 0.329975 -0.362754 -0.566614
1523957789129140224.000000 5.008433 -4.963701 -3.562978 0.656998 0.339645 -0.371668 -0.561122
1523957789480446464.000000 4.940721 -4.984233 -3.583424 0.651405 0.349728 -0.378725 -0.556712
1523957789879416064.000000 4.861343 -5.014996 -3.616740 0.649606 0.354808 -0.372458 -0.559820
1523957790081270272.000000 4.820619 -5.035587 -3.635964 0.652550 0.352548 -0.366158 -0.561975
1523957790280612864.000000 4.780431 -5.057786 -3.654426 0.657693 0.347857 -0.360493 -0.562566
1523957790679899392.000000 4.703706 -5.110989 -3.699586 0.672991 0.332093 -0.339990 -0.566749
1523957790880456448.000000 4.666382 -5.141734 -3.725159 0.681142 0.321802 -0.325605 -0.571375
1523957791081725440.000000 4.628569 -5.171956 -3.749828 0.687509 0.312100 -0.312982 -0.576166
1523957791533607936.000000 4.541214 -5.228078 -3.791573 0.695223 0.296922 -0.307380 -0.577945
1523957791830995968.000000 4.478918 -5.260301 -3.813180 0.693339 0.293616 -0.312022 -0.579407
1523957792131327488.000000 4.413427 -5.294068 -3.831653 0.687978 0.293832 -0.318299 -0.582267
1523957792531002624.000000 4.325280 -5.336125 -3.857846 0.674658 0.300802 -0.321409 -0.592496
1523957792731784960.000000 4.280904 -5.355264 -3.871851 0.666551 0.306523 -0.321616 -0.598596
1523957793081595136.000000 4.203621 -5.383803 -3.898523 0.651833 0.316517 -0.321971 -0.609315
1523957793281221888.000000 4.159273 -5.397398 -3.916169 0.644699 0.321184 -0.323290 -0.613748
1523957793481765632.000000 4.114581 -5.409723 -3.935284 0.639484 0.324496 -0.326553 -0.615732
1523957793981206528.000000 4.001334 -5.436221 -3.988081 0.638651 0.327068 -0.345373 -0.604871
1523957794331517952.000000 3.920271 -5.452135 -4.030707 0.641402 0.330106 -0.358788 -0.592372
1523957794732344832.000000 3.828103 -5.467707 -4.081975 0.642146 0.336966 -0.371003 -0.580051
1523957794931865088.000000 3.782915 -5.474169 -4.105346 0.642026 0.341357 -0.377302 -0.573517
1523957795182475520.000000 3.725757 -5.480883 -4.131816 0.641727 0.347558 -0.385516 -0.564595
1523957795881929984.000000 3.565739 -5.493632 -4.195551 0.642452 0.364686 -0.406216 -0.537818
1523957796033394176.000000 3.530343 -5.496065 -4.207028 0.642545 0.368571 -0.410303 -0.531923
1523957796182095616.000000 3.495724 -5.498548 -4.217272 0.642889 0.372110 -0.414353 -0.525870
1523957796382068736.000000 3.448843 -5.502133 -4.229409 0.643418 0.376649 -0.419486 -0.517860
1523957796583870208.000000 3.400421 -5.507365 -4.239356 0.643400 0.381333 -0.423785 -0.510909
1523957796932469760.000000 3.314773 -5.521465 -4.250024 0.641567 0.389062 -0.430971 -0.501285
1523957797132570368.000000 3.265932 -5.531622 -4.251753 0.638948 0.394479 -0.435078 -0.496828
1523957797332858624.000000 3.218317 -5.542364 -4.250985 0.633942 0.401575 -0.438263 -0.494754
1523957798133026304.000000 3.041908 -5.579460 -4.230643 0.599320 0.436033 -0.444647 -0.502971
1523957798334319872.000000 3.002710 -5.584761 -4.224881 0.588785 0.444375 -0.445876 -0.507010
1523957798734331392.000000 2.930460 -5.589090 -4.218032 0.569450 0.458115 -0.450314 -0.512908
1523957798933035008.000000 2.896036 -5.587554 -4.218824 0.561019 0.463373 -0.453340 -0.514806
1523957799084023808.000000 2.869099 -5.584572 -4.222270 0.556759 0.466639 -0.456187 -0.513967
1523957799537099520.000000 2.779102 -5.564247 -4.243635 0.553325 0.473701 -0.468451 -0.499992
1523957799883569920.000000 2.702891 -5.538967 -4.270484 0.552154 0.479797 -0.477137 -0.487095
1523957800084369664.000000 2.657301 -5.522111 -4.289555 0.550895 0.484135 -0.481771 -0.479609
1523957800284114944.000000 2.611059 -5.504013 -4.310324 0.549210 0.488896 -0.486253 -0.472130
1523957800483771392.000000 2.563058 -5.484206 -4.330425 0.546522 0.493860 -0.490906 -0.465217
1523957800885303552.000000 2.463746 -5.439430 -4.364448 -0.539575 -0.503561 0.501822 0.451065
1523957801084809728.000000 2.414583 -5.414944 -4.378310 -0.534811 -0.508619 0.507675 0.444466
1523957801484918016.000000 2.317979 -5.363398 -4.400579 -0.528669 -0.517436 0.519112 0.428126
1523957801684253696.000000 2.262844 -5.341552 -4.417143 -0.531002 -0.518786 0.516173 0.427157
1523957801884733696.000000 2.200526 -5.325207 -4.440541 -0.539118 -0.515887 0.504394 0.434510
1523957802086075136.000000 2.135637 -5.311652 -4.464202 0.548749 0.511233 -0.490249 -0.444039
1523957802285022208.000000 2.074544 -5.293686 -4.482512 0.555588 0.507871 -0.481992 -0.448411
1523957802484634880.000000 2.016735 -5.272328 -4.495511 0.559615 0.506104 -0.480385 -0.447125
1523957802834940160.000000 1.916753 -5.230624 -4.514158 0.562387 0.505831 -0.484084 -0.439907
1523957802985031936.000000 1.873900 -5.212121 -4.521175 0.562596 0.506556 -0.487007 -0.435558
1523957803186165760.000000 1.814018 -5.186153 -4.530865 0.562738 0.508419 -0.490939 -0.428736
1523957803536661760.000000 1.705289 -5.136460 -4.548641 -0.562790 -0.513820 0.497937 0.413902
1523957803736759296.000000 1.641539 -5.107233 -4.556836 -0.562878 -0.517403 0.503111 0.402916
1523957803885798400.000000 1.594054 -5.084520 -4.562396 -0.561641 -0.521045 0.506866 0.395169
1523957804035947264.000000 1.545828 -5.061010 -4.567517 -0.559241 -0.525326 0.510507 0.388155
1523957804185771264.000000 1.497712 -5.037691 -4.570714 -0.556788 -0.529449 0.514528 0.380699
1523957804386844672.000000 1.433613 -5.006323 -4.573354 -0.551716 -0.535116 0.520268 0.372266
1523957804586577408.000000 1.371638 -4.974399 -4.575112 -0.544392 -0.541661 0.525271 0.366511
1523957804786072064.000000 1.310554 -4.942393 -4.575249 -0.536320 -0.548439 0.529964 0.361544
1523957804985839872.000000 1.249948 -4.909108 -4.572588 -0.528911 -0.554750 0.534562 0.356018
1523957805186326272.000000 1.190713 -4.875228 -4.568943 -0.521861 -0.560888 0.538753 0.350445
1523957805336333312.000000 1.145922 -4.849999 -4.566421 -0.517886 -0.564825 0.540598 0.347160
1523957805538071808.000000 1.085831 -4.815853 -4.563829 -0.513925 -0.569553 0.541605 0.343738
1523957805736243712.000000 1.029300 -4.781218 -4.560909 -0.510493 -0.573983 0.542502 0.340047
1523957805887488512.000000 0.988089 -4.754021 -4.557886 -0.507029 -0.577576 0.543955 0.336810
1523957806086487296.000000 0.936576 -4.718287 -4.552043 -0.502900 -0.582322 0.547072 0.329704
1523957806287290624.000000 0.888093 -4.681560 -4.544626 -0.498724 -0.587230 0.550652 0.321275
1523957806487983360.000000 0.838694 -4.645560 -4.540266 -0.495778 -0.591542 0.550779 0.317686
1523957806836755968.000000 0.745606 -4.588598 -4.540151 -0.500867 -0.594624 0.540650 0.321330
1523957806986615296.000000 0.707437 -4.563778 -4.539175 -0.503341 -0.595662 0.535580 0.324019
1523957807137064192.000000 0.671627 -4.537675 -4.536963 -0.504038 -0.596814 0.531971 0.326751
1523957807486788096.000000 0.590767 -4.476569 -4.528528 -0.504082 -0.598319 0.526044 0.333457
1523957807637815808.000000 0.555563 -4.451448 -4.525159 -0.504622 -0.597858 0.523174 0.337952
1523957807788411136.000000 0.520222 -4.426880 -4.522310 -0.505957 -0.596747 0.519769 0.343135
1523957807887024896.000000 0.497332 -4.410964 -4.520740 -0.506837 -0.595817 0.517159 0.347369
1523957808037503744.000000 0.462905 -4.386975 -4.518765 -0.507953 -0.594184 0.512860 0.354830
1523957808388624128.000000 0.378906 -4.333062 -4.513297 -0.512630 -0.586390 0.505420 0.371358
1523957808588096256.000000 0.329790 -4.303542 -4.509541 -0.517742 -0.579675 0.503936 0.376788
1523957808737723904.000000 0.292641 -4.282376 -4.507589 -0.522554 -0.574417 0.503227 0.379137
1523957808887385856.000000 0.255780 -4.261063 -4.507757 -0.527263 -0.569300 0.501680 0.382372
1523957809087365120.000000 0.207681 -4.234370 -4.510950 -0.533134 -0.562793 0.498342 0.388185
1523957809287891712.000000 0.158747 -4.208982 -4.515007 -0.539263 -0.556577 0.494540 0.393507
1523957809439091456.000000 0.121543 -4.189627 -4.518122 -0.543622 -0.552274 0.492348 0.396311
1523957809739368960.000000 0.044662 -4.152633 -4.525764 -0.552330 -0.543831 0.488549 0.400624
1523957810088154112.000000 -0.050293 -4.113335 -4.540998 -0.561227 -0.533946 0.482584 0.408704
1523957810237977344.000000 -0.092753 -4.097231 -4.549561 -0.564085 -0.529747 0.479300 0.414062
1523957810388764416.000000 -0.136539 -4.080142 -4.559726 -0.566528 -0.525943 0.475843 0.419527
1523957810538368000.000000 -0.182077 -4.063743 -4.570947 0.568648 0.522256 -0.472677 -0.424811
1523957810738035200.000000 -0.242836 -4.041803 -4.586833 0.572317 0.517081 -0.470352 -0.428776
1523957811139977984.000000 -0.372713 -3.995569 -4.618863 0.578758 0.508614 -0.468304 -0.432484
1523957811339320576.000000 -0.437991 -3.973134 -4.638212 0.580195 0.505300 -0.467892 -0.434884
1523957811489035008.000000 -0.487400 -3.955990 -4.651761 0.580608 0.503278 -0.469235 -0.435228
1523957811638647040.000000 -0.536482 -3.938394 -4.665977 0.580745 0.501694 -0.471280 -0.434665
1523957811838585344.000000 -0.603039 -3.914135 -4.685802 0.580453 0.500561 -0.474385 -0.432980
1523957812239159552.000000 -0.736603 -3.863946 -4.725397 0.580939 0.499212 -0.483168 -0.424082
1523957812639758848.000000 -0.868718 -3.810738 -4.764336 0.584027 0.500656 -0.493299 -0.406094
1523957812838939648.000000 -0.934259 -3.784186 -4.783414 -0.585180 -0.502536 0.497565 0.396802
1523957813039758592.000000 -1.000787 -3.757483 -4.801484 -0.585610 -0.505277 0.501715 0.387349
1523957813189498624.000000 -1.050531 -3.737542 -4.813797 -0.585367 -0.507979 0.504580 0.380397
1523957813339339776.000000 -1.100603 -3.717348 -4.824184 -0.584544 -0.511109 0.507441 0.373604
1523957813490199808.000000 -1.150866 -3.698444 -4.831819 -0.582933 -0.514461 0.510208 0.367705
1523957813689651968.000000 -1.215466 -3.676031 -4.836845 -0.579142 -0.518892 0.514476 0.361470
1523957814189615616.000000 -1.368103 -3.635968 -4.821232 -0.561326 -0.530058 0.528850 0.352520
1523957814590301440.000000 -1.478304 -3.621780 -4.782321 -0.542086 -0.537374 0.542844 0.350275
1523957814790560512.000000 -1.528832 -3.617571 -4.758438 -0.530643 -0.541722 0.549309 0.351021
1523957815140295168.000000 -1.609051 -3.611530 -4.713291 -0.508144 -0.551546 0.557769 0.355641
1523957815292476928.000000 -1.640443 -3.608813 -4.693407 -0.497591 -0.556354 0.560460 0.358830
1523957815640261376.000000 -1.703811 -3.600795 -4.648364 -0.473657 -0.567251 0.566347 0.364865
1523957816140996608.000000 -1.779937 -3.568101 -4.603295 -0.441564 -0.583888 0.570359 0.372542
1523957816492009472.000000 -1.833351 -3.531064 -4.593972 -0.429168 -0.593521 0.570662 0.371339
1523957816841248768.000000 -1.884497 -3.485149 -4.594220 -0.422523 -0.601677 0.573923 0.360653
1523957817242461696.000000 -1.941070 -3.423079 -4.609976 -0.414516 -0.610671 0.579463 0.345661
1523957817441118208.000000 -1.969023 -3.387684 -4.623371 -0.409575 -0.615549 0.582154 0.338296
1523957817791162880.000000 -2.020231 -3.314912 -4.655218 -0.401500 -0.624818 0.586622 0.322917
1523957818140890880.000000 -2.073937 -3.226535 -4.695667 -0.395223 -0.634467 0.589055 0.307026
1523957818541727232.000000 -2.132792 -3.114345 -4.736527 -0.394292 -0.643717 0.594015 0.278045
1523957818741526528.000000 -2.165318 -3.056668 -4.754396 -0.396664 -0.647436 0.594377 0.264953
1523957818942922240.000000 -2.210743 -2.998860 -4.776989 -0.406144 -0.648500 0.586533 0.265469
1523957819141997824.000000 -2.266377 -2.946308 -4.799850 -0.420484 -0.646987 0.574026 0.274034
1523957819793152512.000000 -2.446305 -2.808527 -4.827791 -0.454267 -0.633639 0.546891 0.305047
1523957819992346624.000000 -2.488166 -2.781487 -4.809262 -0.452373 -0.628494 0.553703 0.306213
1523957820393474560.000000 -2.564217 -2.745266 -4.744624 -0.437331 -0.618162 0.579266 0.301777
1523957820944090880.000000 -2.649433 -2.719527 -4.635664 -0.399468 -0.610966 0.617735 0.292490
1523957821692854272.000000 -2.725479 -2.676737 -4.537519 -0.343293 -0.619371 0.635831 0.306998
1523957821943046400.000000 -2.748920 -2.657178 -4.525294 -0.337681 -0.619688 0.630043 0.324044
1523957822394199808.000000 -2.807142 -2.630095 -4.538149 -0.366474 -0.604932 0.601038 0.372166
1523957822593177088.000000 -2.831392 -2.619699 -4.552623 -0.387606 -0.593851 0.584355 0.394502
1523957823143942400.000000 -2.886266 -2.595622 -4.602056 -0.460116 -0.551533 0.541686 0.436671
1523957823694134784.000000 -2.936536 -2.583312 -4.666751 0.537296 0.497299 -0.502090 -0.460340
1523957824444049152.000000 -3.007618 -2.607148 -4.724123 0.609081 0.425355 -0.465316 -0.481221
1523957824894176000.000000 -3.053733 -2.630205 -4.713062 0.616041 0.407721 -0.468903 -0.484136
1523957825644414464.000000 -3.137250 -2.678671 -4.640551 0.590110 0.420069 -0.488203 -0.486796
1523957826044907264.000000 -3.176615 -2.701693 -4.589650 0.567215 0.438297 -0.493469 -0.492596
1523957826844926976.000000 -3.249437 -2.778032 -4.547260 0.556554 0.436303 -0.438433 -0.554674
1523957827195782656.000000 -3.269259 -2.830081 -4.560394 0.576719 0.403647 -0.395873 -0.589702
1523957828244221184.000000 -3.267043 -2.881105 -4.635611 0.624391 0.324662 -0.336199 -0.625860
1523957828396317184.000000 -3.263965 -2.881438 -4.651709 0.630911 0.315893 -0.333844 -0.625069
1523957828745617408.000000 -3.258457 -2.880173 -4.694030 0.646018 0.298071 -0.331365 -0.619687
1523957828946521344.000000 -3.257693 -2.878719 -4.720990 0.654445 0.289690 -0.330465 -0.615285
1523957829146841344.000000 -3.259031 -2.876453 -4.749204 0.661977 0.283251 -0.329095 -0.610944
1523957829497311488.000000 -3.268322 -2.874027 -4.798403 0.673183 0.275451 -0.326898 -0.603398
1523957829847601920.000000 -3.288417 -2.877309 -4.842487 0.680722 0.271235 -0.325266 -0.597704
1523957830146345216.000000 -3.313317 -2.887560 -4.869870 0.686404 0.267836 -0.328298 -0.591045
1523957830546843392.000000 -3.353134 -2.909630 -4.894808 0.688955 0.268169 -0.333824 -0.584798
1523957830896606976.000000 -3.397094 -2.937630 -4.905364 0.687994 0.270641 -0.338935 -0.581843
1523957831297775360.000000 -3.456942 -2.974009 -4.912822 0.682551 0.278164 -0.339989 -0.584086
1523957831696909824.000000 -3.522615 -3.012076 -4.914633 0.675362 0.287922 -0.339132 -0.588198
1523957832047563008.000000 -3.581982 -3.043012 -4.915583 0.669104 0.296105 -0.337500 -0.592213
1523957832497282048.000000 -3.658596 -3.078789 -4.908821 0.664205 0.302089 -0.343845 -0.591054
1523957832898123776.000000 -3.725320 -3.112101 -4.899447 0.664129 0.303896 -0.356258 -0.582803
1523957833298951168.000000 -3.783905 -3.144850 -4.886955 0.661217 0.308779 -0.366976 -0.576867
1523957833798624768.000000 -3.848985 -3.185078 -4.869079 0.654675 0.320173 -0.377361 -0.571391
1523957834148033536.000000 -3.886546 -3.202151 -4.855665 0.644857 0.336542 -0.372557 -0.576282
1523957834498611712.000000 -3.917865 -3.211040 -4.839921 0.636851 0.351425 -0.368150 -0.579125
1523957834798572288.000000 -3.939932 -3.218505 -4.827902 0.633395 0.357854 -0.374318 -0.575010
1523957835149591808.000000 -3.961212 -3.229135 -4.816236 0.633578 0.360864 -0.389302 -0.562849
1523957835449575424.000000 -3.976560 -3.240313 -4.810047 0.632370 0.363763 -0.402194 -0.553195
1523957835848782080.000000 -3.997013 -3.259119 -4.801640 0.629119 0.369347 -0.417508 -0.541737
1523957836248924160.000000 -4.019147 -3.288015 -4.791810 0.624041 0.377070 -0.429728 -0.532658
1523957836498915584.000000 -4.035509 -3.309755 -4.787282 0.617922 0.385205 -0.432898 -0.531403
1523957836700624640.000000 -4.052196 -3.328959 -4.784701 0.610835 0.393645 -0.432865 -0.533433