1 102
6 103
11 104
16 105
21 106
26 107
31 108
36 109
41 110
46 111
51 112
56 113
61 114
66 115
71 116
76 117
81 118
86 119
91 120
96 121
101 122
106 123
111 124
116 125
121 126
126 127
131 128
136 129
141 130
146 131
151 132
156 133
161 134
166 135
171 136
176 137
181 138
186 139
191 140
196 141
201 142
206 143
211 144
216 145
221 146
226 147
231 148
236 149
241 150
246 151
251 152
256 153
261 154
266 155
271 156
276 157
281 158
286 159
291 160
296 161
301 162
306 163
311 164
316 165
321 166
326 167
331 168
336 169
341 170
346 171
351 172
356 173
361 174
366 175
371 176
376 177
381 178
386 179
391 180
396 181
401 182
406 183
411 184
416 185
421 186
426 187
431 188
436 189
441 190
446 191
451 192
456 193
461 194
466 195
471 196
476 197
481 198
486 199
491 200
496 201
501 202
506 203
511 204
516 205
521 206
526 207
531 208
536 209
541 210
546 211
551 212
556 213
561 214
566 215
571 216
576 217
581 218
586 219
591 220
596 221
601 222
606 223
611 224
616 225
621 226
626 227
631 228
636 229
641 230
646 231
651 232
656 233
661 234
666 235
671 236
676 237
681 238
686 239
691 240
696 241
701 242
706 243
711 244
716 245
721 246
726 247
731 248
736 249
741 250
746 251
751 252
756 253
761 254
766 255
771 256
776 257
781 258
786 259
791 260
796 261
801 262
806 263
811 264
816 265
821 266
826 267
831 268
836 269
841 270
846 271
851 272
856 273
861 274
866 275
871 276
876 277
881 278
886 279
891 280
896 281
901 282
906 283
911 284
916 285
921 286
926 287
931 288
936 289
941 290
946 291
951 292
956 293
961 294
966 295
971 296
976 297
981 298
986 299
991 300
996 301
1001 302
1006 303
1011 304
1016 305
1021 306
1026 307
1031 308
1036 309
1041 310
1046 311
1051 312
1056 313
1061 314
1066 315
1071 316
1076 317
1081 318
1086 319
1091 320
1096 321
1101 322
1106 323
1111 324
1116 325
1121 326
1126 327
1131 328
1136 329
1141 330
1146 331
1151 332
1156 333
1161 334
1166 335
1171 336
1176 337
1181 338
1186 339
1191 340
1196 341
1201 342
1206 343
1211 344
1216 345
1221 346
1226 347
1231 348
1236 349
1241 350
1246 351
1251 352
1256 353
1261 354
1266 355
1271 356
1276 357
1281 358
1286 359
1291 360
1296 361
1301 362
1306 363
1311 364
1316 365
1321 366
1326 367
1331 368
1336 369
1341 370
1346 371
1351 372
1356 373
1361 374
1366 375
1371 376
1376 377
1381 378
1386 379
1391 380
1396 381
1401 382
1406 383
1411 384
1416 385
1421 386
1426 387
1431 388
1436 389
1441 390
1446 391
1451 392
1456 393
1461 394
1466 395
1471 396
1476 397
1481 398
1486 399
1491 400
1496 401
1501 402
1506 403
1511 404
1516 405
1521 406
1526 407
1531 408
1536 409
1541 410
1546 411
1551 412
1556 413
1561 414
1566 415
1571 416
1576 417
1581 418
1586 419
1591 420
1596 421
1601 422
1606 423
1611 424
1616 425
1621 426
1626 427
1631 428
1636 429
1641 430
1646 431
1651 432
1656 433
1661 434
1666 435
1671 436
1676 437
1681 438
1686 439
1691 440
1696 441
1701 442
1706 443
1711 444
1716 445
1721 446
1726 447
1731 448
1736 449
1741 450
1746 451
1751 452
1756 453
1761 454
1766 455
1771 456
1776 457
1781 458
1786 459
1791 460
1796 461
1801 462
1806 463
1811 464
1816 465
1821 466
1826 467
1831 468
1836 469
1841 470
1846 471
1851 472
1856 473
1861 474
1866 475
1871 476
1876 477
1881 478
1886 479
1891 480
1896 481
1901 482
1906 483
1911 484
1916 485
1921 486
1926 487
1931 488
1936 489
1941 490
1946 491
1951 492
1956 493
1961 494
1966 495
1971 496
1976 497
1981 498
1986 499
1991 500
1996 501
2001 502
2006 503
2011 504
2016 505
2021 506
2026 507
2031 508
2036 509
2041 510
2046 511
2051 512
2056 513
2061 514
2066 515
2071 516
2076 517
2081 518
2086 519
2091 520
2096 521
2101 522
2106 523
2111 524
2116 525
2121 526
2126 527
2131 528
2136 529
2141 530
2146 531
2151 532
2156 533
2161 534
2166 535
2171 536
2176 537
2181 538
2186 539
2191 540
2196 541
2201 542
2206 543
2211 544
2216 545
2221 546
2226 547
2231 548
2236 549
2241 550
2246 551
2251 552
2256 553
2261 554
2266 555
2271 556
2276 557
2281 558
2286 559
2291 560
2296 561
2301 562
2306 563
2311 564
2316 565
2321 566
2326 567
2331 568
2336 569
2341 570
2346 571
2351 572
2356 573
2361 574
2366 575
2371 576
2376 577
2381 578
2386 579
2391 580
2396 581
2401 582
2406 583
2411 584
2416 585
2421 586
2426 587
2431 588
2436 589
2441 590
2446 591
2451 592
2456 593
2461 594
2466 595
2471 596
2476 597
2481 598
2486 599
2491 600
2496 601
2501 602
2506 603
2511 604
2516 605
2521 606
2526 607
2531 608
2536 609
2541 610
2546 611
2551 612
2556 613
2561 614
2566 615
2571 616
2576 617
2581 618
2586 619
2591 620
2596 621
2601 622
2606 623
2611 624
2616 625
2621 626
2626 627
2631 628
2636 629
2641 630
2646 631
2651 632
2656 633
2661 634
2666 635
2671 636
2676 637
2681 638
2686 639
2691 640
2696 641
2701 642
2706 643
2711 644
2716 645
2721 646
2726 647
2731 648
2736 649
2741 650
2746 651
2751 652
2756 653
2761 654
2766 655
2771 656
2776 657
2781 658
2786 659
2791 660
2796 661
2801 662
2806 663
2811 664
2816 665
2821 666
2826 667
2831 668
2836 669
2841 670
2846 671
2851 672
2856 673
2861 674
2866 675
2871 676
2876 677
2881 678
2886 679
2891 680
2896 681
2901 682
2906 683
2911 684
2916 685
2921 686
2926 687
2931 688
2936 689
2941 690
2946 691
2951 692
2956 693
2961 694
2966 695
2971 696
2976 697
2981 698
2986 699
2991 700
2996 701
3001 702
3006 703
3011 704
3016 705
3021 706
3026 707
3031 708
3036 709
3041 710
3046 711
3051 712
3056 713
3061 714
3066 715
3071 716
3076 717
3081 718
3086 719
3091 720
3096 721
3101 722
3106 723
3111 724
3116 725
3121 726
3126 727
3131 728
3136 729
3141 730
3146 731
3151 732
3156 733
3161 734
3166 735
3171 736
3176 737
3181 738
3186 739
3191 740
3196 741
3201 742
3206 743
3211 744
3216 745
3221 746
3226 747
3231 748
3236 749
3241 750
3246 751
3251 752
3256 753
3261 754
3266 755
3271 756
3276 757
3281 758
3286 759
3291 760
3296 761
3301 762
3306 763
3311 764
3316 765
3321 766
3326 767
3331 768
3336 769
3341 770
3346 771
3351 772
3356 773
3361 774
3366 775
3371 776
3376 777
3381 778
3386 779
3391 780
3396 781
3401 782
3406 783
3411 784
3416 785
3421 786
3426 787
3431 788
3436 789
3441 790
3446 791
3451 792
3456 793
3461 794
3466 795
3471 796
3476 797
3481 798
3486 799
3491 800
3496 801
3501 802
3506 803
3511 804
3516 805
3521 806
3526 807
3531 808
3536 809
3541 810
3546 811
3551 812
3556 813
3561 814
3566 815
3571 816
3576 817
3581 818
3586 819
3591 820
3596 821
3601 822
3606 823
3611 824
3616 825
3621 826
3626 827
3631 828
3636 829
3641 830
3646 831
3651 832
3656 833
3661 834
3666 835
3671 836
3676 837
3681 838
3686 839
3691 840
3696 841
3701 842
3706 843
3711 844
3716 845
3721 846
3726 847
3731 848
3736 849
3741 850
3746 851
3751 852
3756 853
3761 854
3766 855
3771 856
3776 857
3781 858
3786 859
3791 860
3796 861
3801 862
3806 863
3811 864
3816 865
3821 866
3826 867
3831 868
3836 869
3841 870
3846 871
3851 872
3856 873
3861 874
3866 875
3871 876
3876 877
3881 878
3886 879
3891 880
3896 881
3901 882
3906 883
3911 884
3916 885
3921 886
3926 887
3931 888
3936 889
3941 890
3946 891
3951 892
3956 893
3961 894
3966 895
3971 896
3976 897
3981 898
3986 899
3991 900
3996 901
4001 902
4006 903
4011 904
4016 905
4021 906
4026 907
4031 908
4036 909
4041 910
4046 911
4051 912
4056 913
4061 914
4066 915
4071 916
4076 917
