1523957632964486400.000000 -6.823228 0.753798 0.069985 1523957632964486400.000000 -3.577399 1.089795 2.655291
1523957633214546176.000000 -6.803078 0.734321 0.077937 1523957633214546176.000000 -3.537375 1.059386 2.627128
1523957633466303744.000000 -6.784158 0.715831 0.086151 1523957633466303744.000000 -3.531690 1.040370 2.627304
1523957633714998528.000000 -6.762930 0.697730 0.095706 1523957633714998528.000000 -3.511564 1.013252 2.610493
1523957633965030656.000000 -6.736998 0.679161 0.104466 1523957633965030656.000000 -3.475384 0.977004 2.592758
1523957634214945280.000000 -6.707613 0.659792 0.110511 1523957634214945280.000000 -3.465643 0.972585 2.588998
1523957634466704384.000000 -6.675285 0.642329 0.114924 1523957634466704384.000000 -3.429426 0.949815 2.574141
1523957634715618048.000000 -6.640254 0.624994 0.118326 1523957634715618048.000000 -3.392452 0.931535 2.557607
1523957634965168128.000000 -6.605689 0.608365 0.120401 1523957634965168128.000000 -3.318389 0.873742 2.522590
1523957635215781632.000000 -6.576179 0.591737 0.120513 1523957635215781632.000000 -3.327468 0.886448 2.510121
1523957635467167744.000000 -6.548873 0.576717 0.119925 1523957635467167744.000000 -3.217275 0.800071 2.438838
1523957635715656448.000000 -6.525125 0.561454 0.116436 1523957635715656448.000000 -3.293028 0.872022 2.482529
1523957635966305280.000000 -6.507029 0.547750 0.108384 1523957635966305280.000000 -3.140710 0.768905 2.377022
1523957636217425664.000000 -6.492513 0.535533 0.096659 1523957636217425664.000000 -3.121098 0.765827 2.350201
1523957636466700544.000000 -6.479383 0.524193 0.082554 1523957636466700544.000000 -3.236925 0.862708 2.415930
1523957636716733952.000000 -6.466480 0.512788 0.066786 1523957636716733952.000000 -3.206211 0.868334 2.390109
1523957636966106880.000000 -6.451868 0.500524 0.048651 1523957636966106880.000000 -3.193799 0.872024 2.367745
1523957637217125888.000000 -6.430701 0.487573 0.028044 1523957637217125888.000000 -3.184133 0.876994 2.340957
1523957637470616576.000000 -6.403966 0.472397 0.006734 1523957637470616576.000000 -3.141007 0.890575 2.285177
1523957637718117632.000000 -6.379004 0.455980 -0.013307 1523957637718117632.000000 -3.139898 0.885588 2.281694
1523957637967559936.000000 -6.355354 0.439135 -0.030677 1523957637967559936.000000 -3.082589 0.898486 2.212634
1523957638216659968.000000 -6.332533 0.421844 -0.044675 1523957638216659968.000000 -3.063468 0.884287 2.187391
1523957638467562240.000000 -6.311921 0.403948 -0.052745 1523957638467562240.000000 -3.073230 0.874397 2.202386
1523957638718203904.000000 -6.292756 0.387439 -0.054230 1523957638718203904.000000 -2.995313 0.857094 2.128253
1523957638967166464.000000 -6.277513 0.371893 -0.048111 1523957638967166464.000000 -3.003875 0.836394 2.162195
1523957639217169664.000000 -6.261978 0.357830 -0.035241 1523957639217169664.000000 -2.925171 0.803813 2.143989
1523957639468524800.000000 -6.246918 0.344008 -0.016385 1523957639468524800.000000 -2.986571 0.786914 2.155841
1523957639719101440.000000 -6.230431 0.331318 0.005793 1523957639719101440.000000 -2.959614 0.749804 2.153877
1523957639967110144.000000 -6.213411 0.320735 0.030027 1523957639967110144.000000 -2.943484 0.723623 2.158211
1523957640218068224.000000 -6.191910 0.309255 0.054741 1523957640218068224.000000 -2.924638 0.692587 2.161894
1523957640469699072.000000 -6.151422 0.292568 0.077790 1523957640469699072.000000 -2.889628 0.655812 2.159519
1523957640719823104.000000 -6.091157 0.273347 0.097888 1523957640719823104.000000 -2.841695 0.616674 2.152255
1523957640969685760.000000 -6.026177 0.255955 0.116624 1523957640969685760.000000 -2.789602 0.580287 2.147025
1523957641219158784.000000 -5.957315 0.239335 0.134923 1523957641219158784.000000 -2.720942 0.540670 2.136223
1523957641469798400.000000 -5.872365 0.224937 0.151211 1523957641469798400.000000 -2.674092 0.513540 2.128517
1523957641718549504.000000 -5.789678 0.216311 0.163490 1523957641718549504.000000 -2.576320 0.479893 2.112231
1523957641968212736.000000 -5.717684 0.211135 0.173573 1523957641968212736.000000 -2.562420 0.468250 2.113183
1523957642221838080.000000 -5.655663 0.205802 0.180280 1523957642221838080.000000 -2.495285 0.450319 2.094095
1523957642468580608.000000 -5.601353 0.200556 0.183165 1523957642468580608.000000 -2.448160 0.443958 2.083829
1523957642718429952.000000 -5.552099 0.194046 0.181146 1523957642718429952.000000 -2.414960 0.434729 2.070244
1523957642969676544.000000 -5.505660 0.179577 0.171980 1523957642969676544.000000 -2.372087 0.431928 2.050458
1523957643218844928.000000 -5.459979 0.157540 0.153833 1523957643218844928.000000 -2.314525 0.434293 2.012328
1523957643468904192.000000 -5.415671 0.127567 0.129804 1523957643468904192.000000 -2.287590 0.409844 1.958844
1523957643718829312.000000 -5.372045 0.092644 0.100797 1523957643718829312.000000 -2.216239 0.408344 1.882140
1523957643968928256.000000 -5.329645 0.055952 0.069327 1523957643968928256.000000 -2.189470 0.402420 1.835152
1523957644219823360.000000 -5.289074 0.017871 0.036304 1523957644219823360.000000 -2.167284 0.390340 1.782022
1523957644472462080.000000 -5.247175 -0.022303 0.004095 1523957644472462080.000000 -2.125961 0.383261 1.703481
1523957644720824832.000000 -5.204624 -0.060845 -0.024671 1523957644720824832.000000 -2.096132 0.375416 1.656166
1523957644970680832.000000 -5.163548 -0.097500 -0.045662 1523957644970680832.000000 -2.058750 0.362854 1.583449
1523957645219759104.000000 -5.128883 -0.127220 -0.059594 1523957645219759104.000000 -2.032816 0.348706 1.544840
1523957645473873408.000000 -5.101546 -0.155083 -0.068206 1523957645473873408.000000 -2.000981 0.336065 1.505750
1523957645722770432.000000 -5.078561 -0.180719 -0.073602 1523957645722770432.000000 -1.943298 0.326363 1.439827
1523957645971858688.000000 -5.059591 -0.205011 -0.077239 1523957645971858688.000000 -1.963400 0.308478 1.451475
1523957646220879360.000000 -5.035114 -0.234400 -0.084686 1523957646220879360.000000 -1.933631 0.297631 1.424993
1523957646470023424.000000 -5.006844 -0.269343 -0.093255 1523957646470023424.000000 -1.865166 0.260412 1.332813
1523957646721060352.000000 -4.966484 -0.301864 -0.098436 1523957646721060352.000000 -1.877090 0.250742 1.349744
1523957646970413568.000000 -4.912888 -0.332867 -0.098731 1523957646970413568.000000 -1.831781 0.214461 1.315397
1523957647220405248.000000 -4.859039 -0.364697 -0.095240 1523957647220405248.000000 -1.783735 0.171398 1.279666
1523957647470585600.000000 -4.799058 -0.393247 -0.086205 1523957647470585600.000000 -1.714291 0.114724 1.244108
1523957647720513792.000000 -4.749377 -0.419898 -0.064017 1523957647720513792.000000 -1.697630 0.088722 1.239119
1523957647970608640.000000 -4.709406 -0.444751 -0.030137 1523957647970608640.000000 -1.658715 0.032117 1.222443
1523957648220353792.000000 -4.676834 -0.465855 0.010490 1523957648220353792.000000 -1.630892 -0.020065 1.226209
1523957648471051520.000000 -4.651264 -0.484792 0.051655 1523957648471051520.000000 -1.601097 -0.061726 1.225538
1523957648722503168.000000 -4.629952 -0.501618 0.089254 1523957648722503168.000000 -1.569987 -0.103671 1.226395
1523957648975355648.000000 -4.609418 -0.518258 0.116665 1523957648975355648.000000 -1.545687 -0.152995 1.218452
1523957649222671616.000000 -4.582553 -0.536774 0.131153 1523957649222671616.000000 -1.524053 -0.167813 1.207222
1523957649471373824.000000 -4.547384 -0.557636 0.134460 1523957649471373824.000000 -1.493263 -0.189492 1.184797
1523957649721386752.000000 -4.508093 -0.582970 0.124416 1523957649721386752.000000 -1.458478 -0.203770 1.149286
1523957649972198912.000000 -4.463276 -0.612099 0.102659 1523957649972198912.000000 -1.412176 -0.218024 1.100179
1523957650221645824.000000 -4.416097 -0.643147 0.071595 1523957650221645824.000000 -1.370070 -0.225781 1.050824
1523957650471766272.000000 -4.367527 -0.673506 0.035113 1523957650471766272.000000 -1.313876 -0.233729 0.976304
1523957650722729216.000000 -4.309528 -0.702495 -0.001231 1523957650722729216.000000 -1.268719 -0.230369 0.931362
1523957650974741760.000000 -4.233683 -0.728172 -0.033793 1523957650974741760.000000 -1.145998 -0.282647 0.801023
1523957651220792320.000000 -4.156972 -0.749622 -0.063897 1523957651220792320.000000 -0.989696 -0.366073 0.671422
1523957651473044992.000000 -4.075964 -0.764632 -0.089061 1523957651473044992.000000 -1.036711 -0.288724 0.748119
1523957651725341696.000000 -4.001249 -0.774909 -0.106729 1523957651725341696.000000 -1.001524 -0.265063 0.754017
1523957651972347392.000000 -3.942050 -0.785828 -0.112903 1523957651972347392.000000 -0.937772 -0.284581 0.723681
1523957652222275328.000000 -3.895143 -0.797517 -0.109025 1523957652222275328.000000 -0.897808 -0.302971 0.709484
1523957652473176832.000000 -3.859014 -0.809145 -0.095322 1523957652473176832.000000 -0.860883 -0.329886 0.699986
1523957652722738176.000000 -3.833410 -0.821154 -0.074062 1523957652722738176.000000 -0.823204 -0.351077 0.700075
1523957652974720512.000000 -3.812105 -0.832080 -0.050732 1523957652974720512.000000 -0.801662 -0.382157 0.699795
1523957653222622976.000000 -3.782419 -0.838200 -0.028196 1523957653222622976.000000 -0.776771 -0.410944 0.701550
1523957653473996800.000000 -3.742063 -0.836705 -0.007506 1523957653473996800.000000 -0.746996 -0.437627 0.706320
1523957653724819456.000000 -3.691383 -0.825709 0.011985 1523957653724819456.000000 -0.705695 -0.460265 0.715905
1523957653973310464.000000 -3.642612 -0.810030 0.033532 1523957653973310464.000000 -0.656813 -0.478903 0.732959
1523957654222809856.000000 -3.608152 -0.798526 0.056119 1523957654222809856.000000 -0.631085 -0.500343 0.748071
1523957654473275648.000000 -3.579780 -0.790466 0.075473 1523957654473275648.000000 -0.595357 -0.514141 0.763414
1523957654723626752.000000 -3.558472 -0.786095 0.087905 1523957654723626752.000000 -0.580635 -0.526215 0.765100
1523957654973862656.000000 -3.542634 -0.785003 0.093188 1523957654973862656.000000 -0.554958 -0.529456 0.768115
1523957655225231872.000000 -3.524795 -0.785341 0.090764 1523957655225231872.000000 -0.548333 -0.538995 0.754589
1523957655473945344.000000 -3.498813 -0.782337 0.081132 1523957655473945344.000000 -0.522397 -0.531118 0.744699
1523957655724005376.000000 -3.465442 -0.775189 0.064492 1523957655724005376.000000 -0.496492 -0.519886 0.729892
1523957655973995008.000000 -3.424422 -0.762233 0.043838 1523957655973995008.000000 -0.462177 -0.505447 0.711983
1523957656224026880.000000 -3.383370 -0.748886 0.020245 1523957656224026880.000000 -0.424639 -0.489212 0.690610
1523957656475032576.000000 -3.345667 -0.740935 -0.006208 1523957656475032576.000000 -0.377301 -0.465376 0.668273
1523957656725195008.000000 -3.311195 -0.736810 -0.034905 1523957656725195008.000000 -0.331645 -0.444622 0.643579
1523957656974634752.000000 -3.280240 -0.737433 -0.065288 1523957656974634752.000000 -0.295778 -0.423506 0.619223
1523957657225195264.000000 -3.252911 -0.741034 -0.096846 1523957657225195264.000000 -0.277485 -0.410315 0.574375
1523957657474672896.000000 -3.229081 -0.748287 -0.126801 1523957657474672896.000000 -0.242936 -0.391809 0.544831
1523957657727234048.000000 -3.210962 -0.758221 -0.155892 1523957657727234048.000000 -0.235946 -0.381942 0.523755
1523957657977717504.000000 -3.194373 -0.768630 -0.184788 1523957657977717504.000000 -0.216885 -0.365819 0.491688
1523957658227875072.000000 -3.177612 -0.777790 -0.211167 1523957658227875072.000000 -0.202676 -0.354011 0.459221
1523957658475160064.000000 -3.160683 -0.787401 -0.236711 1523957658475160064.000000 -0.200776 -0.341750 0.420802
1523957658725476608.000000 -3.139097 -0.792093 -0.265446 1523957658725476608.000000 -0.174092 -0.325222 0.393314
1523957658975277056.000000 -3.110709 -0.792679 -0.296001 1523957658975277056.000000 -0.131223 -0.303078 0.367226
1523957659225523968.000000 -3.073563 -0.785221 -0.325809 1523957659225523968.000000 -0.084378 -0.283623 0.344318
1523957659475717888.000000 -3.033077 -0.775016 -0.356544 1523957659475717888.000000 -0.038740 -0.256463 0.310601
1523957659725948416.000000 -2.989100 -0.760096 -0.386580 1523957659725948416.000000 0.009753 -0.229048 0.283084
1523957659976980224.000000 -2.943497 -0.744928 -0.414442 1523957659976980224.000000 0.059157 -0.212299 0.270357
1523957660225268224.000000 -2.897826 -0.727861 -0.438986 1523957660225268224.000000 0.101250 -0.194461 0.253609
1523957660477119744.000000 -2.852294 -0.711292 -0.458755 1523957660477119744.000000 0.157556 -0.158469 0.219313
1523957660727052544.000000 -2.810659 -0.692880 -0.474914 1523957660727052544.000000 0.213041 -0.158306 0.223422
1523957660975986176.000000 -2.772455 -0.684022 -0.484815 1523957660975986176.000000 0.259495 -0.135982 0.200160
1523957661226725120.000000 -2.743365 -0.682709 -0.488551 1523957661226725120.000000 0.280402 -0.159684 0.210580
1523957661476346368.000000 -2.717653 -0.684700 -0.488322 1523957661476346368.000000 0.318069 -0.158622 0.203822
1523957661726539520.000000 -2.693394 -0.692223 -0.488397 1523957661726539520.000000 0.346302 -0.166985 0.196215
1523957661977104896.000000 -2.672287 -0.706099 -0.491529 1523957661977104896.000000 0.373625 -0.171475 0.184919
1523957662227158784.000000 -2.651833 -0.716768 -0.498498 1523957662227158784.000000 0.397569 -0.176776 0.166142
1523957662476715008.000000 -2.626726 -0.730690 -0.510902 1523957662476715008.000000 0.422010 -0.177643 0.142554
1523957662726897152.000000 -2.597145 -0.739546 -0.527166 1523957662726897152.000000 0.448442 -0.174919 0.113779
1523957662977982464.000000 -2.563782 -0.749948 -0.545888 1523957662977982464.000000 0.480339 -0.169378 0.082930
1523957663225789184.000000 -2.528459 -0.759679 -0.565877 1523957663225789184.000000 0.514310 -0.159591 0.052537
1523957663477487360.000000 -2.493531 -0.769807 -0.585601 1523957663477487360.000000 0.565758 -0.154752 0.014582
1523957663727742976.000000 -2.456802 -0.779026 -0.599529 1523957663727742976.000000 0.618494 -0.153974 -0.024094
1523957663979027456.000000 -2.422848 -0.793632 -0.608635 1523957663979027456.000000 0.649964 -0.156150 -0.034914
1523957664229032192.000000 -2.394309 -0.806083 -0.608292 1523957664229032192.000000 0.688932 -0.162255 -0.054523
1523957664477542912.000000 -2.365962 -0.822512 -0.601184 1523957664477542912.000000 0.722430 -0.189538 -0.068340
1523957664728318976.000000 -2.336431 -0.837251 -0.587858 1523957664728318976.000000 0.762158 -0.212402 -0.075887
1523957664978463488.000000 -2.306140 -0.858485 -0.573080 1523957664978463488.000000 0.803394 -0.236096 -0.087345
1523957665227595776.000000 -2.277705 -0.878380 -0.552362 1523957665227595776.000000 0.838900 -0.265229 -0.092625
1523957665478489344.000000 -2.242414 -0.900197 -0.531671 1523957665478489344.000000 0.865300 -0.315258 -0.089998
1523957665727909376.000000 -2.208475 -0.914771 -0.511517 1523957665727909376.000000 0.906328 -0.352188 -0.095941
1523957665979543296.000000 -2.162569 -0.921813 -0.492600 1523957665979543296.000000 0.953851 -0.387621 -0.101122
1523957666227398912.000000 -2.112163 -0.924688 -0.475152 1523957666227398912.000000 0.989142 -0.423544 -0.106720
1523957666478690304.000000 -2.056322 -0.929479 -0.459459 1523957666478690304.000000 1.041112 -0.453678 -0.108410
1523957666729177600.000000 -1.997303 -0.930473 -0.445393 1523957666729177600.000000 1.091247 -0.485246 -0.117327
1523957666979641600.000000 -1.935388 -0.939158 -0.433125 1523957666979641600.000000 1.149739 -0.508963 -0.130910
1523957667228494592.000000 -1.869440 -0.939430 -0.427325 1523957667228494592.000000 1.211008 -0.531125 -0.146352
1523957667478783232.000000 -1.799048 -0.955595 -0.426316 1523957667478783232.000000 1.289342 -0.550149 -0.174670
1523957667729480448.000000 -1.726414 -0.965835 -0.431495 1523957667729480448.000000 1.355950 -0.566320 -0.200966
1523957667980266240.000000 -1.649413 -0.972396 -0.443374 1523957667980266240.000000 1.436913 -0.576779 -0.234830
1523957668229409024.000000 -1.571244 -0.981608 -0.457442 1523957668229409024.000000 1.527710 -0.584859 -0.272332
1523957668479111936.000000 -1.492214 -0.985473 -0.471314 1523957668479111936.000000 1.604826 -0.599167 -0.313384
1523957668729437696.000000 -1.410658 -0.990544 -0.485164 1523957668729437696.000000 1.665667 -0.615545 -0.358808
1523957668980196608.000000 -1.331098 -0.992170 -0.498599 1523957668980196608.000000 1.740368 -0.612351 -0.387779
1523957669229666304.000000 -1.255738 -1.001683 -0.515458 1523957669229666304.000000 1.827427 -0.612072 -0.437679
1523957669479715840.000000 -1.182885 -1.011580 -0.532522 1523957669479715840.000000 1.910777 -0.615169 -0.480167
1523957669730083072.000000 -1.112638 -1.019537 -0.549085 1523957669730083072.000000 1.987425 -0.603164 -0.511433
1523957669981040384.000000 -1.040683 -0.999906 -0.561391 1523957669981040384.000000 2.068542 -0.593292 -0.531430
1523957670230055680.000000 -0.984807 -0.975983 -0.566101 1523957670230055680.000000 2.133037 -0.582285 -0.550146
1523957670481776896.000000 -0.937544 -0.967706 -0.565617 1523957670481776896.000000 2.182179 -0.588488 -0.568028
1523957670729913856.000000 -0.905179 -0.959900 -0.556911 1523957670729913856.000000 2.215890 -0.603249 -0.570983
1523957670982877184.000000 -0.875914 -0.964915 -0.548086 1523957670982877184.000000 2.251471 -0.613691 -0.577973
1523957671232266496.000000 -0.845425 -0.963161 -0.534621 1523957671232266496.000000 2.281724 -0.621352 -0.581643
1523957671480330240.000000 -0.826917 -0.972564 -0.520638 1523957671480330240.000000 2.307199 -0.636658 -0.575482
1523957671731602688.000000 -0.811089 -0.975505 -0.502682 1523957671731602688.000000 2.308255 -0.643440 -0.558842
1523957671980801792.000000 -0.796299 -0.986053 -0.483740 1523957671980801792.000000 2.329441 -0.659142 -0.540400
1523957672230358272.000000 -0.780812 -0.990899 -0.464747 1523957672230358272.000000 2.356837 -0.697195 -0.536153
1523957672482283264.000000 -0.765155 -0.998656 -0.445447 1523957672482283264.000000 2.373826 -0.723984 -0.523107
1523957672731054080.000000 -0.754808 -1.004271 -0.426632 1523957672731054080.000000 2.390915 -0.752743 -0.505248
1523957672981719808.000000 -0.743388 -1.014845 -0.410269 1523957672981719808.000000 2.405251 -0.777396 -0.508788
1523957673232260352.000000 -0.731907 -1.018430 -0.393928 1523957673232260352.000000 2.420538 -0.797959 -0.499072
1523957673482089984.000000 -0.717105 -1.027588 -0.379963 1523957673482089984.000000 2.438837 -0.822245 -0.491903
1523957673731201024.000000 -0.698322 -1.026587 -0.370078 1523957673731201024.000000 2.466005 -0.838190 -0.488365
1523957673982226944.000000 -0.674797 -1.029387 -0.362818 1523957673982226944.000000 2.493723 -0.853472 -0.482425
1523957674231336960.000000 -0.647974 -1.026258 -0.355243 1523957674231336960.000000 2.521084 -0.870245 -0.483777
1523957674482340864.000000 -0.615615 -1.018961 -0.349188 1523957674482340864.000000 2.543759 -0.858324 -0.464930
1523957674732143360.000000 -0.584947 -1.012733 -0.343426 1523957674732143360.000000 2.577909 -0.883546 -0.483524
1523957674983139584.000000 -0.556433 -1.011392 -0.337477 1523957674983139584.000000 2.608718 -0.876701 -0.461742
1523957675232233984.000000 -0.532884 -1.005194 -0.335054 1523957675232233984.000000 2.647822 -0.894218 -0.484489
1523957675482017792.000000 -0.504829 -1.003723 -0.334244 1523957675482017792.000000 2.690628 -0.916025 -0.520375
1523957675733905152.000000 -0.481771 -1.008989 -0.338725 1523957675733905152.000000 2.701379 -0.884085 -0.490969
1523957675982222080.000000 -0.461044 -1.011902 -0.347246 1523957675982222080.000000 2.739130 -0.882850 -0.520492
1523957676232547072.000000 -0.433404 -1.019314 -0.358242 1523957676232547072.000000 2.752322 -0.874888 -0.523033
1523957676482405888.000000 -0.398825 -1.028619 -0.378499 1523957676482405888.000000 2.786033 -0.863097 -0.546298
1523957676734227712.000000 -0.354419 -1.042915 -0.405615 1523957676734227712.000000 2.832413 -0.850553 -0.584193
1523957676983899648.000000 -0.307901 -1.052861 -0.432365 1523957676983899648.000000 2.885255 -0.841363 -0.632872
1523957677234497792.000000 -0.249492 -1.057988 -0.457730 1523957677234497792.000000 2.950486 -0.837110 -0.664440
1523957677482998528.000000 -0.193503 -1.060626 -0.479063 1523957677482998528.000000 3.003748 -0.838334 -0.685940
1523957677733039872.000000 -0.132877 -1.049095 -0.490248 1523957677733039872.000000 3.056887 -0.818910 -0.706862
1523957677983508992.000000 -0.086638 -1.043401 -0.492496 1523957677983508992.000000 3.113952 -0.828214 -0.723788
1523957678233632512.000000 -0.044871 -1.044181 -0.483812 1523957678233632512.000000 3.161471 -0.839901 -0.737062
1523957678483336192.000000 -0.021349 -1.044036 -0.463813 1523957678483336192.000000 3.202935 -0.863816 -0.734016
1523957678733606400.000000 0.002032 -1.048759 -0.439084 1523957678733606400.000000 3.199999 -0.884009 -0.689627
1523957678984497920.000000 0.017577 -1.048943 -0.412133 1523957678984497920.000000 3.226995 -0.911343 -0.676005
1523957679234515968.000000 0.029253 -1.059877 -0.387271 1523957679234515968.000000 3.250696 -0.931329 -0.658738
1523957679483559680.000000 0.040768 -1.066583 -0.364147 1523957679483559680.000000 3.266432 -0.948026 -0.640443
1523957679734559744.000000 0.053302 -1.077636 -0.344866 1523957679734559744.000000 3.262767 -0.988302 -0.637348
1523957679985702144.000000 0.072042 -1.087527 -0.331780 1523957679985702144.000000 3.275192 -1.007343 -0.633392
1523957680234006272.000000 0.097165 -1.094235 -0.322442 1523957680234006272.000000 3.294879 -1.030970 -0.636717
1523957680484091392.000000 0.131587 -1.097492 -0.316245 1523957680484091392.000000 3.324143 -1.048179 -0.637586
1523957680734306304.000000 0.164239 -1.102339 -0.306762 1523957680734306304.000000 3.357306 -1.066292 -0.635657
1523957680985071104.000000 0.186822 -1.102333 -0.290899 1523957680985071104.000000 3.385079 -1.089204 -0.636260
1523957681233542656.000000 0.206225 -1.105566 -0.265683 1523957681233542656.000000 3.424206 -1.118144 -0.621216
1523957681485505536.000000 0.216723 -1.106546 -0.236232 1523957681485505536.000000 3.436046 -1.139961 -0.588303
1523957681735654656.000000 0.227545 -1.109608 -0.203563 1523957681735654656.000000 3.461828 -1.170251 -0.569290
1523957681984577024.000000 0.236583 -1.111490 -0.171908 1523957681984577024.000000 3.476025 -1.189118 -0.547324
1523957682236662528.000000 0.251465 -1.111592 -0.146103 1523957682236662528.000000 3.487184 -1.216942 -0.528304
1523957682485876224.000000 0.275906 -1.110099 -0.130555 1523957682485876224.000000 3.508323 -1.232796 -0.516795
1523957682736381696.000000 0.312382 -1.093916 -0.121786 1523957682736381696.000000 3.530088 -1.242085 -0.511493
1523957682986022912.000000 0.358690 -1.075203 -0.119728 1523957682986022912.000000 3.565973 -1.235764 -0.510212
1523957683235353088.000000 0.417015 -1.046528 -0.118680 1523957683235353088.000000 3.611383 -1.238700 -0.511861
1523957683486642688.000000 0.475529 -1.010489 -0.119976 1523957683486642688.000000 3.667840 -1.195664 -0.503115
1523957683737573632.000000 0.531619 -0.980230 -0.125912 1523957683737573632.000000 3.711308 -1.183311 -0.504617
1523957683986063104.000000 0.580363 -0.951290 -0.127200 1523957683986063104.000000 3.761886 -1.161254 -0.509914
1523957684236032512.000000 0.617185 -0.932987 -0.124575 1523957684236032512.000000 3.812821 -1.149088 -0.508661
1523957684486924800.000000 0.647500 -0.917355 -0.120078 1523957684486924800.000000 3.824367 -1.155036 -0.504457
1523957684736692736.000000 0.664455 -0.909502 -0.112931 1523957684736692736.000000 3.856204 -1.138821 -0.503383
1523957684986776064.000000 0.682417 -0.906699 -0.104702 1523957684986776064.000000 3.869645 -1.132212 -0.501712
1523957685238010624.000000 0.698853 -0.902585 -0.095746 1523957685238010624.000000 3.883933 -1.124695 -0.496218
1523957685486685696.000000 0.719261 -0.896057 -0.088983 1523957685486685696.000000 3.903200 -1.142698 -0.499822
1523957685737350656.000000 0.741525 -0.899815 -0.085173 1523957685737350656.000000 3.915039 -1.158163 -0.499653
1523957685986361600.000000 0.761371 -0.904395 -0.086656 1523957685986361600.000000 3.940224 -1.157459 -0.497658
1523957686237444608.000000 0.785753 -0.907327 -0.086689 1523957686237444608.000000 3.965418 -1.162999 -0.492080
1523957686486635776.000000 0.808047 -0.915590 -0.087568 1523957686486635776.000000 3.989034 -1.182589 -0.503720
1523957686737741312.000000 0.824721 -0.921741 -0.088243 1523957686737741312.000000 4.018118 -1.191578 -0.504371
1523957686988158208.000000 0.842962 -0.925625 -0.086398 1523957686988158208.000000 4.036475 -1.199012 -0.503838
1523957687235965696.000000 0.856223 -0.931591 -0.084825 1523957687235965696.000000 4.046524 -1.218575 -0.515738
1523957687487839488.000000 0.878137 -0.936990 -0.084171 1523957687487839488.000000 4.062804 -1.223471 -0.521322
1523957687739270912.000000 0.905361 -0.945884 -0.087628 1523957687739270912.000000 4.097408 -1.220320 -0.531696
1523957687989562624.000000 0.940136 -0.953487 -0.094337 1523957687989562624.000000 4.133328 -1.223289 -0.545345
1523957688237646336.000000 0.982310 -0.965049 -0.100084 1523957688237646336.000000 4.181890 -1.229532 -0.561938
1523957688489404672.000000 1.025633 -0.977540 -0.106620 1523957688489404672.000000 4.231256 -1.227928 -0.579498
1523957688738163456.000000 1.071816 -0.990737 -0.112852 1523957688738163456.000000 4.267658 -1.233963 -0.601287
1523957688988418048.000000 1.119562 -1.005664 -0.115479 1523957688988418048.000000 4.318496 -1.243441 -0.621527
1523957689238665216.000000 1.169240 -1.018472 -0.114912 1523957689238665216.000000 4.373050 -1.257331 -0.644066
1523957689488497664.000000 1.220497 -1.034711 -0.110557 1523957689488497664.000000 4.423566 -1.272990 -0.663849
1523957689738230784.000000 1.274121 -1.051139 -0.103134 1523957689738230784.000000 4.478265 -1.292986 -0.685867
1523957689988256512.000000 1.326979 -1.074481 -0.094843 1523957689988256512.000000 4.504009 -1.314795 -0.695367
1523957690239072256.000000 1.380111 -1.096281 -0.084210 1523957690239072256.000000 4.557143 -1.338534 -0.710174
1523957690488546304.000000 1.431600 -1.117985 -0.071170 1523957690488546304.000000 4.607427 -1.367539 -0.720795
1523957690738500608.000000 1.479869 -1.142517 -0.055733 1523957690738500608.000000 4.667982 -1.400818 -0.734703
1523957690989003264.000000 1.527635 -1.166096 -0.038559 1523957690989003264.000000 4.710815 -1.433035 -0.736845
1523957691240146176.000000 1.572144 -1.190652 -0.020622 1523957691240146176.000000 4.742893 -1.472668 -0.737547
1523957691488966144.000000 1.618213 -1.214635 -0.001977 1523957691488966144.000000 4.792185 -1.509034 -0.747982
1523957691739999744.000000 1.664988 -1.239390 0.015854 1523957691739999744.000000 4.832011 -1.550064 -0.756497
1523957691989679104.000000 1.713922 -1.263743 0.030232 1523957691989679104.000000 4.871403 -1.579880 -0.762547
1523957692238931456.000000 1.763181 -1.291548 0.042435 1523957692238931456.000000 4.912585 -1.615810 -0.778381
1523957692489227264.000000 1.811585 -1.322892 0.050922 1523957692489227264.000000 4.960012 -1.647391 -0.797092
1523957692740674304.000000 1.859327 -1.354152 0.056549 1523957692740674304.000000 5.000690 -1.673058 -0.815002
1523957692990702336.000000 1.906855 -1.389562 0.060990 1523957692990702336.000000 5.046607 -1.702856 -0.840606
1523957693239198464.000000 1.951192 -1.426143 0.064781 1523957693239198464.000000 5.088835 -1.733353 -0.870158
1523957693489498624.000000 1.993083 -1.465540 0.065632 1523957693489498624.000000 5.124599 -1.760133 -0.893098
1523957693739734528.000000 2.032378 -1.506749 0.064390 1523957693739734528.000000 5.163714 -1.788692 -0.925997
1523957693991440384.000000 2.066782 -1.551520 0.061289 1523957693991440384.000000 5.200667 -1.815205 -0.959868
1523957694240152576.000000 2.102940 -1.593289 0.057806 1523957694240152576.000000 5.230821 -1.841939 -0.996343
1523957694489939712.000000 2.134262 -1.640115 0.052734 1523957694489939712.000000 5.261295 -1.868171 -1.028552
1523957694740209408.000000 2.167768 -1.682888 0.047740 1523957694740209408.000000 5.290836 -1.894619 -1.066166
1523957694990378752.000000 2.195143 -1.728504 0.040607 1523957694990378752.000000 5.319640 -1.920777 -1.096724
1523957695240192512.000000 2.220168 -1.772911 0.033971 1523957695240192512.000000 5.346973 -1.945263 -1.134228
1523957695491980800.000000 2.242872 -1.816058 0.027297 1523957695491980800.000000 5.369660 -1.968467 -1.170790
1523957695743993344.000000 2.263631 -1.861632 0.022860 1523957695743993344.000000 5.390035 -1.994987 -1.205567
1523957695991757824.000000 2.282907 -1.905261 0.018803 1523957695991757824.000000 5.407968 -2.018613 -1.240238
1523957696242153728.000000 2.298663 -1.951122 0.014162 1523957696242153728.000000 5.426327 -2.040769 -1.270216
1523957696491015936.000000 2.315090 -1.995311 0.009009 1523957696491015936.000000 5.449452 -2.065938 -1.308280
1523957696741701888.000000 2.328341 -2.041194 0.005719 1523957696741701888.000000 5.468971 -2.090672 -1.343285
1523957696994306048.000000 2.341615 -2.085504 0.004908 1523957696994306048.000000 5.483010 -2.118709 -1.381804
1523957697241104896.000000 2.360019 -2.127419 0.006818 1523957697241104896.000000 5.496506 -2.140262 -1.408333
1523957697491814656.000000 2.391264 -2.169477 0.009457 1523957697491814656.000000 5.524978 -2.163425 -1.442866
1523957697741486592.000000 2.432778 -2.210400 0.013175 1523957697741486592.000000 5.556766 -2.190787 -1.473269
1523957697992862720.000000 2.466577 -2.250759 0.022507 1523957697992862720.000000 5.579346 -2.221742 -1.502252
1523957698243452928.000000 2.494312 -2.288540 0.035062 1523957698243452928.000000 5.598853 -2.254441 -1.528663
1523957698492418304.000000 2.515599 -2.329320 0.052845 1523957698492418304.000000 5.625939 -2.289313 -1.542207
1523957698741818368.000000 2.530603 -2.365255 0.075264 1523957698741818368.000000 5.652445 -2.327519 -1.559490
1523957698996001024.000000 2.538942 -2.397433 0.100739 1523957698996001024.000000 5.658309 -2.371535 -1.565255
1523957699240687872.000000 2.546941 -2.432118 0.124647 1523957699240687872.000000 5.671250 -2.410673 -1.571047
1523957699492772864.000000 2.547796 -2.461819 0.146496 1523957699492772864.000000 5.679127 -2.446547 -1.579362
1523957699742893824.000000 2.550668 -2.489112 0.164153 1523957699742893824.000000 5.679079 -2.481425 -1.585977
1523957699992420096.000000 2.556965 -2.516472 0.176546 1523957699992420096.000000 5.677557 -2.507052 -1.598188
1523957700242363136.000000 2.570505 -2.544715 0.183747 1523957700242363136.000000 5.692105 -2.532474 -1.605018
1523957700493303808.000000 2.593202 -2.571281 0.187504 1523957700493303808.000000 5.704931 -2.551828 -1.618892
1523957700742578176.000000 2.619323 -2.595902 0.187221 1523957700742578176.000000 5.718467 -2.564187 -1.637272
1523957700994598144.000000 2.640957 -2.621537 0.185246 1523957700994598144.000000 5.718787 -2.576553 -1.657647
1523957701244014848.000000 2.651773 -2.650640 0.182131 1523957701244014848.000000 5.730383 -2.584811 -1.683509
1523957701493180928.000000 2.663893 -2.679640 0.177202 1523957701493180928.000000 5.744027 -2.593800 -1.701583
1523957701745271296.000000 2.672752 -2.710043 0.170515 1523957701745271296.000000 5.756343 -2.606365 -1.728744
1523957701993525504.000000 2.681715 -2.740291 0.164958 1523957701993525504.000000 5.771971 -2.620478 -1.756970
1523957702244399616.000000 2.691480 -2.772118 0.161646 1523957702244399616.000000 5.783597 -2.634647 -1.784105
1523957702493056768.000000 2.700499 -2.804999 0.160164 1523957702493056768.000000 5.785969 -2.654669 -1.809522
1523957702745367296.000000 2.702960 -2.839106 0.161685 1523957702745367296.000000 5.790631 -2.676512 -1.831970
1523957702993726464.000000 2.708552 -2.869966 0.164853 1523957702993726464.000000 5.790978 -2.699624 -1.853189
1523957703244617472.000000 2.711502 -2.901534 0.167466 1523957703244617472.000000 5.796517 -2.726609 -1.882231
1523957703496342784.000000 2.723208 -2.939342 0.168156 1523957703496342784.000000 5.802154 -2.744700 -1.900105
1523957703744857088.000000 2.744280 -2.974381 0.166729 1523957703744857088.000000 5.814116 -2.759642 -1.919462
1523957703993912576.000000 2.781364 -3.011250 0.164147 1523957703993912576.000000 5.829768 -2.780892 -1.949498
1523957704244181504.000000 2.829579 -3.044941 0.160762 1523957704244181504.000000 5.855686 -2.795974 -1.973937
1523957704494302464.000000 2.889753 -3.075494 0.157011 1523957704494302464.000000 5.885436 -2.808218 -1.997645
1523957704744512256.000000 2.954098 -3.094406 0.152925 1523957704744512256.000000 5.921082 -2.818163 -2.027251
1523957704996384000.000000 3.017412 -3.121099 0.149129 1523957704996384000.000000 5.963075 -2.817659 -2.032209
1523957705243128832.000000 3.085690 -3.141569 0.145484 1523957705243128832.000000 6.004906 -2.826687 -2.057213
1523957705495730944.000000 3.146234 -3.160059 0.144642 1523957705495730944.000000 6.048848 -2.835422 -2.083657
1523957705746609920.000000 3.204483 -3.184696 0.144056 1523957705746609920.000000 6.085375 -2.848141 -2.102023
1523957705995047680.000000 3.254383 -3.210482 0.146417 1523957705995047680.000000 6.115458 -2.867335 -2.126585
1523957706246107648.000000 3.305348 -3.242768 0.149537 1523957706246107648.000000 6.158578 -2.881959 -2.149325
1523957706495296512.000000 3.353562 -3.280986 0.154865 1523957706495296512.000000 6.201241 -2.900981 -2.167312
1523957706746163712.000000 3.402084 -3.316221 0.159237 1523957706746163712.000000 6.242487 -2.920194 -2.185649
1523957706995195392.000000 3.445987 -3.358357 0.165781 1523957706995195392.000000 6.268948 -2.959622 -2.228223
1523957707246356480.000000 3.493937 -3.396255 0.174206 1523957707246356480.000000 6.305732 -2.986848 -2.251049
1523957707495431936.000000 3.538051 -3.436164 0.185478 1523957707495431936.000000 6.344266 -3.014008 -2.274928
1523957707745529344.000000 3.586561 -3.473126 0.196552 1523957707745529344.000000 6.381294 -3.043400 -2.296609
1523957707996570112.000000 3.638946 -3.507682 0.208072 1523957707996570112.000000 6.422925 -3.071262 -2.315413
1523957708245831680.000000 3.695297 -3.536169 0.220793 1523957708245831680.000000 6.461549 -3.097026 -2.329943
1523957708495948288.000000 3.742786 -3.561156 0.236479 1523957708495948288.000000 6.499102 -3.125222 -2.346164
1523957708746437376.000000 3.792603 -3.583716 0.250922 1523957708746437376.000000 6.536723 -3.149832 -2.358491
1523957708996759552.000000 3.844987 -3.604868 0.262446 1523957708996759552.000000 6.577183 -3.169577 -2.369467
1523957709246080512.000000 3.898584 -3.623226 0.274012 1523957709246080512.000000 6.613784 -3.188614 -2.379215
1523957709497113600.000000 3.956562 -3.643643 0.282596 1523957709497113600.000000 6.647536 -3.204212 -2.392595
1523957709746600704.000000 4.015855 -3.661018 0.288812 1523957709746600704.000000 6.685111 -3.220737 -2.402248
1523957709997238272.000000 4.073799 -3.676932 0.293582 1523957709997238272.000000 6.726661 -3.236776 -2.411768
1523957710249695232.000000 4.131421 -3.692037 0.298846 1523957710249695232.000000 6.772210 -3.250955 -2.422071
1523957710497338880.000000 4.190013 -3.703176 0.303743 1523957710497338880.000000 6.821373 -3.263056 -2.436356
1523957710748000768.000000 4.249728 -3.712678 0.308995 1523957710748000768.000000 6.850992 -3.278542 -2.438941
1523957710997521920.000000 4.310958 -3.722498 0.312649 1523957710997521920.000000 6.894306 -3.287457 -2.451238
1523957711247706624.000000 4.369323 -3.734276 0.316829 1523957711247706624.000000 6.939437 -3.297084 -2.460542
1523957711498020864.000000 4.426794 -3.738780 0.317287 1523957711498020864.000000 6.985450 -3.301884 -2.471578
1523957711749581568.000000 4.484741 -3.746848 0.316794 1523957711749581568.000000 7.022137 -3.308000 -2.481023
1523957711999138304.000000 4.544723 -3.751820 0.313630 1523957711999138304.000000 7.067363 -3.307209 -2.491863
1523957712247832320.000000 4.596566 -3.753217 0.310900 1523957712247832320.000000 7.111798 -3.308346 -2.503366
1523957712498543104.000000 4.653070 -3.759203 0.307629 1523957712498543104.000000 7.151482 -3.310147 -2.517433
1523957712747676928.000000 4.706150 -3.764728 0.304136 1523957712747676928.000000 7.190787 -3.310316 -2.532185
1523957712998086144.000000 4.763259 -3.774255 0.301134 1523957712998086144.000000 7.231110 -3.310732 -2.543474
1523957713248099840.000000 4.819821 -3.769535 0.297775 1523957713248099840.000000 7.278411 -3.311969 -2.555728
1523957713501066752.000000 4.874476 -3.778655 0.303364 1523957713501066752.000000 7.323785 -3.316736 -2.559298
1523957713748109568.000000 4.927413 -3.780946 0.312125 1523957713748109568.000000 7.368063 -3.326425 -2.561625
1523957713999248640.000000 4.980487 -3.792607 0.325708 1523957713999248640.000000 7.414363 -3.334392 -2.564136
1523957714248663040.000000 5.034845 -3.799301 0.339358 1523957714248663040.000000 7.457298 -3.352315 -2.560790
1523957714498232064.000000 5.084991 -3.807309 0.354775 1523957714498232064.000000 7.502566 -3.363690 -2.558428
1523957714748661760.000000 5.138147 -3.810645 0.369105 1523957714748661760.000000 7.542539 -3.376747 -2.555813
1523957714999439104.000000 5.195579 -3.810904 0.380202 1523957714999439104.000000 7.584558 -3.385046 -2.553986
1523957715248665088.000000 5.251980 -3.811298 0.388230 1523957715248665088.000000 7.626170 -3.392573 -2.553574
1523957715499732480.000000 5.304906 -3.808941 0.395096 1523957715499732480.000000 7.665115 -3.395547 -2.551742
1523957715748986368.000000 5.362781 -3.804630 0.399116 1523957715748986368.000000 7.707837 -3.396466 -2.556113
1523957715999564544.000000 5.413341 -3.798682 0.402225 1523957715999564544.000000 7.751051 -3.396188 -2.557184
1523957716250203648.000000 5.467531 -3.795330 0.404996 1523957716250203648.000000 7.793475 -3.391573 -2.557655
1523957716499527936.000000 5.516700 -3.785204 0.410127 1523957716499527936.000000 7.837072 -3.388171 -2.552266
1523957716750786816.000000 5.568650 -3.772828 0.420151 1523957716750786816.000000 7.881888 -3.392768 -2.546134
1523957717001275904.000000 5.619533 -3.767813 0.433194 1523957717001275904.000000 7.919423 -3.394820 -2.535593
1523957717249404928.000000 5.669308 -3.756040 0.445539 1523957717249404928.000000 7.949555 -3.399798 -2.523035
1523957717499470080.000000 5.719427 -3.743702 0.456999 1523957717499470080.000000 7.988834 -3.402695 -2.519008
1523957717749876736.000000 5.768667 -3.725274 0.466017 1523957717749876736.000000 8.026815 -3.407948 -2.501873
1523957718002740992.000000 5.822670 -3.711245 0.474363 1523957718002740992.000000 8.065070 -3.407594 -2.493036
1523957718252574464.000000 5.874566 -3.697838 0.480427 1523957718252574464.000000 8.103987 -3.397577 -2.487403
1523957718500094720.000000 5.924704 -3.686612 0.481689 1523957718500094720.000000 8.143029 -3.398176 -2.479564
1523957718753475328.000000 5.971272 -3.670316 0.483449 1523957718753475328.000000 8.185178 -3.384695 -2.474984
1523957719002468352.000000 6.015757 -3.660561 0.482905 1523957719002468352.000000 8.222063 -3.379509 -2.471436
1523957719249780224.000000 6.066980 -3.645708 0.479744 1523957719249780224.000000 8.253448 -3.374657 -2.471862
1523957719500614144.000000 6.113112 -3.630268 0.475650 1523957719500614144.000000 8.286167 -3.366820 -2.468599
1523957719752324608.000000 6.155018 -3.611032 0.472144 1523957719752324608.000000 8.317032 -3.355768 -2.471572
1523957720001052672.000000 6.199770 -3.593321 0.464766 1523957720001052672.000000 8.351887 -3.339462 -2.465729
1523957720250873600.000000 6.243690 -3.568323 0.458266 1523957720250873600.000000 8.385764 -3.323381 -2.461430
1523957720504223744.000000 6.285295 -3.545723 0.454293 1523957720504223744.000000 8.417327 -3.309565 -2.458717
1523957720752190464.000000 6.331503 -3.524436 0.449304 1523957720752190464.000000 8.450001 -3.294226 -2.456673
1523957721003798528.000000 6.373764 -3.499918 0.447137 1523957721003798528.000000 8.485194 -3.280674 -2.448521
1523957721251183872.000000 6.412601 -3.474537 0.448356 1523957721251183872.000000 8.511190 -3.258871 -2.441340
1523957721504211968.000000 6.453497 -3.442874 0.453096 1523957721504211968.000000 8.544282 -3.247181 -2.426505
1523957721752421632.000000 6.497081 -3.413778 0.462930 1523957721752421632.000000 8.578295 -3.238346 -2.408759
1523957722002237952.000000 6.539722 -3.384039 0.478653 1523957722002237952.000000 8.612413 -3.233918 -2.386129
1523957722252627200.000000 6.584878 -3.351284 0.495721 1523957722252627200.000000 8.646683 -3.226492 -2.362780
1523957722503008256.000000 6.628287 -3.324412 0.512058 1523957722503008256.000000 8.680456 -3.218188 -2.334789
1523957722753156864.000000 6.672432 -3.294640 0.523373 1523957722753156864.000000 8.711693 -3.202052 -2.309636
1523957723002499328.000000 6.718877 -3.257050 0.532408 1523957723002499328.000000 8.739382 -3.185969 -2.285266
1523957723252568576.000000 6.760579 -3.228412 0.539740 1523957723252568576.000000 8.782353 -3.191120 -2.267826
1523957723502751488.000000 6.807158 -3.193744 0.544433 1523957723502751488.000000 8.815537 -3.171995 -2.251741
1523957723752481024.000000 6.857868 -3.165368 0.541678 1523957723752481024.000000 8.852018 -3.152556 -2.239101
1523957724003986432.000000 6.905889 -3.124091 0.538014 1523957724003986432.000000 8.890097 -3.128472 -2.223385
1523957724253703936.000000 6.959685 -3.089250 0.530710 1523957724253703936.000000 8.926357 -3.099574 -2.213871
1523957724504844800.000000 7.011093 -3.049053 0.525897 1523957724504844800.000000 8.963935 -3.079294 -2.197865
1523957724753945856.000000 7.057432 -2.999416 0.524014 1523957724753945856.000000 9.006940 -3.055705 -2.187112
1523957725006055936.000000 7.112825 -2.962083 0.520594 1523957725006055936.000000 9.049288 -3.028419 -2.168251
1523957725255307520.000000 7.163713 -2.920813 0.520830 1523957725255307520.000000 9.090197 -3.003128 -2.144491
1523957725503823872.000000 7.213859 -2.875568 0.525895 1523957725503823872.000000 9.129306 -2.978604 -2.118605
1523957725752998912.000000 7.267667 -2.837048 0.534037 1523957725752998912.000000 9.167877 -2.958846 -2.095131
1523957726006287872.000000 7.311861 -2.794271 0.546761 1523957726006287872.000000 9.206205 -2.941210 -2.063173
1523957726252356352.000000 7.357515 -2.750744 0.557924 1523957726252356352.000000 9.238576 -2.920449 -2.033912
1523957726505096704.000000 7.406671 -2.708490 0.567770 1523957726505096704.000000 9.269133 -2.900361 -2.001273
1523957726753343488.000000 7.446979 -2.666864 0.577284 1523957726753343488.000000 9.301642 -2.878159 -1.974759
1523957727003725568.000000 7.485974 -2.622836 0.584680 1523957727003725568.000000 9.336219 -2.862543 -1.946601
1523957727253795840.000000 7.523828 -2.578497 0.589493 1523957727253795840.000000 9.362832 -2.839328 -1.919756
1523957727503824128.000000 7.553500 -2.527798 0.592825 1523957727503824128.000000 9.390476 -2.815954 -1.894047
1523957727754321408.000000 7.590281 -2.484778 0.598421 1523957727754321408.000000 9.417887 -2.793077 -1.866330
1523957728004030464.000000 7.615957 -2.436662 0.605832 1523957728004030464.000000 9.443846 -2.770343 -1.838819
1523957728254907136.000000 7.646505 -2.389124 0.612069 1523957728254907136.000000 9.464090 -2.744760 -1.810245
1523957728505175808.000000 7.675434 -2.343852 0.614341 1523957728505175808.000000 9.482424 -2.710920 -1.781235
1523957728754438912.000000 7.710186 -2.287997 0.613356 1523957728754438912.000000 9.496211 -2.679659 -1.755580
1523957729006038016.000000 7.739608 -2.245832 0.607996 1523957729006038016.000000 9.517422 -2.657549 -1.736019
1523957729255105536.000000 7.762074 -2.207420 0.605915 1523957729255105536.000000 9.541147 -2.629947 -1.713729
1523957729504624896.000000 7.804844 -2.155502 0.602379 1523957729504624896.000000 9.567775 -2.595834 -1.691864
1523957729754900224.000000 7.842023 -2.102574 0.597208 1523957729754900224.000000 9.598431 -2.558993 -1.671301
1523957730004591104.000000 7.886509 -2.058644 0.590324 1523957730004591104.000000 9.630991 -2.529078 -1.651767
1523957730255077376.000000 7.934785 -2.011231 0.577911 1523957730255077376.000000 9.662635 -2.491043 -1.638265
1523957730508996608.000000 7.982215 -1.950803 0.561895 1523957730508996608.000000 9.701191 -2.448995 -1.624129
1523957730757710848.000000 8.037738 -1.905280 0.541109 1523957730757710848.000000 9.736046 -2.395382 -1.610944
1523957731007239424.000000 8.080357 -1.840408 0.520580 1523957731007239424.000000 9.772419 -2.346444 -1.597759
1523957731257559040.000000 8.136685 -1.798378 0.497651 1523957731257559040.000000 9.807468 -2.296233 -1.586204
1523957731505442304.000000 8.186294 -1.738959 0.477056 1523957731505442304.000000 9.850072 -2.249041 -1.583506
1523957731758992896.000000 8.251023 -1.701376 0.453762 1523957731758992896.000000 9.884620 -2.202788 -1.567233
1523957732007280640.000000 8.305984 -1.647765 0.436367 1523957732007280640.000000 9.919831 -2.161420 -1.548976
1523957732256482560.000000 8.346305 -1.589405 0.433672 1523957732256482560.000000 9.956580 -2.128625 -1.520029
1523957732507044608.000000 8.402799 -1.540271 0.440056 1523957732507044608.000000 9.998869 -2.097564 -1.489531
1523957732756883200.000000 8.449524 -1.478794 0.457559 1523957732756883200.000000 10.036594 -2.071260 -1.451414
1523957733006138112.000000 8.509916 -1.431756 0.475255 1523957733006138112.000000 10.078368 -2.063343 -1.404996
1523957733257213696.000000 8.548400 -1.367614 0.499807 1523957733257213696.000000 10.111586 -2.056082 -1.362852
1523957733506163968.000000 8.616753 -1.330783 0.526043 1523957733506163968.000000 10.153761 -2.024159 -1.316599
1523957733757457408.000000 8.679981 -1.288799 0.550934 1523957733757457408.000000 10.190685 -2.020796 -1.269712
1523957734007163136.000000 8.733904 -1.244817 0.571597 1523957734007163136.000000 10.222324 -2.005717 -1.226807
1523957734257303296.000000 8.804219 -1.198583 0.587683 1523957734257303296.000000 10.268260 -1.990354 -1.181621
1523957734506649344.000000 8.854707 -1.155460 0.613676 1523957734506649344.000000 10.310816 -1.974575 -1.141684
1523957734757745664.000000 8.913120 -1.126414 0.630401 1523957734757745664.000000 10.349511 -1.957869 -1.106474
1523957735007049472.000000 8.980240 -1.095715 0.640622 1523957735007049472.000000 10.388338 -1.946131 -1.073725
1523957735257849600.000000 9.035736 -1.058147 0.653266 1523957735257849600.000000 10.423870 -1.927823 -1.042084
1523957735510010112.000000 9.092904 -1.008212 0.662130 1523957735510010112.000000 10.463770 -1.917088 -1.007358
1523957735757363200.000000 9.139507 -0.977786 0.672969 1523957735757363200.000000 10.499341 -1.894916 -0.982814
1523957736008525824.000000 9.189364 -0.940274 0.680678 1523957736008525824.000000 10.514853 -1.874832 -0.951303
1523957736259163904.000000 9.220378 -0.909111 0.692289 1523957736259163904.000000 10.544245 -1.866805 -0.930384
1523957736507890176.000000 9.262077 -0.872012 0.699094 1523957736507890176.000000 10.568489 -1.856693 -0.908440
1523957736759149312.000000 9.282945 -0.837305 0.710792 1523957736759149312.000000 10.577865 -1.844131 -0.877543
1523957737007984384.000000 9.301300 -0.784478 0.716595 1523957737007984384.000000 10.596629 -1.823968 -0.847483
1523957737257851136.000000 9.313317 -0.721822 0.722088 1523957737257851136.000000 10.595517 -1.808183 -0.815296
1523957737507968000.000000 9.320109 -0.665109 0.722807 1523957737507968000.000000 10.598448 -1.785215 -0.792565
1523957737758284032.000000 9.318651 -0.608987 0.725162 1523957737758284032.000000 10.605774 -1.775091 -0.773818
1523957738010172928.000000 9.311009 -0.563568 0.724289 1523957738010172928.000000 10.577586 -1.748232 -0.750506
1523957738258266112.000000 9.315902 -0.523148 0.718861 1523957738258266112.000000 10.583412 -1.746190 -0.734882
1523957738509795072.000000 9.314733 -0.478918 0.704121 1523957738509795072.000000 10.571920 -1.696807 -0.750281
1523957738760116480.000000 9.317249 -0.441275 0.681537 1523957738760116480.000000 10.555635 -1.677316 -0.731828
1523957739009644032.000000 9.319310 -0.403705 0.646936 1523957739009644032.000000 10.564712 -1.657969 -0.742288
1523957739259698432.000000 9.318347 -0.360123 0.612089 1523957739259698432.000000 10.550360 -1.611446 -0.744006
1523957739512092672.000000 9.315309 -0.300933 0.576011 1523957739512092672.000000 10.539996 -1.521397 -0.780696
1523957739759136768.000000 9.322116 -0.251968 0.545462 1523957739759136768.000000 10.551962 -1.512867 -0.745080
1523957740011730688.000000 9.324623 -0.191888 0.513611 1523957740011730688.000000 10.556518 -1.468538 -0.737768
1523957740261213184.000000 9.344466 -0.133783 0.489695 1523957740261213184.000000 10.558345 -1.422223 -0.720690
1523957740509913088.000000 9.353948 -0.066706 0.478854 1523957740509913088.000000 10.558755 -1.376912 -0.697066
1523957740760102144.000000 9.367795 -0.004063 0.466118 1523957740760102144.000000 10.563204 -1.334432 -0.662209
1523957741012246784.000000 9.385867 0.062264 0.466621 1523957741012246784.000000 10.568669 -1.295728 -0.630244
1523957741258334720.000000 9.424816 0.106511 0.472791 1523957741258334720.000000 10.574504 -1.262618 -0.592727
1523957741509725696.000000 9.448743 0.197722 0.480581 1523957741509725696.000000 10.583251 -1.238685 -0.541328
1523957741760748800.000000 9.482693 0.253322 0.492758 1523957741760748800.000000 10.596318 -1.207208 -0.498093
1523957742011204864.000000 9.520521 0.327286 0.509413 1523957742011204864.000000 10.627276 -1.170754 -0.460017
1523957742259998720.000000 9.573024 0.414981 0.524191 1523957742259998720.000000 10.651574 -1.147656 -0.410543
1523957742510552320.000000 9.626297 0.450787 0.553099 1523957742510552320.000000 10.677806 -1.129569 -0.360190
1523957742760931840.000000 9.668612 0.534329 0.576689 1523957742760931840.000000 10.703607 -1.108991 -0.311555
1523957743011154432.000000 9.727555 0.593270 0.598811 1523957743011154432.000000 10.737854 -1.076625 -0.259237
1523957743261055232.000000 9.773973 0.642735 0.628361 1523957743261055232.000000 10.762901 -1.057040 -0.213494
1523957743511815424.000000 9.823668 0.687820 0.648344 1523957743511815424.000000 10.787832 -1.032681 -0.173113
1523957743760501504.000000 9.875031 0.719502 0.666331 1523957743760501504.000000 10.816556 -1.007221 -0.130422
1523957744011680256.000000 9.929575 0.777377 0.677114 1523957744011680256.000000 10.853856 -0.994065 -0.089330
1523957744261321728.000000 9.988238 0.812989 0.685264 1523957744261321728.000000 10.884032 -0.972670 -0.048239
1523957744511076864.000000 10.022366 0.866217 0.693315 1523957744511076864.000000 10.916691 -0.952389 -0.013178
1523957744761815296.000000 10.073173 0.895774 0.703719 1523957744761815296.000000 10.942862 -0.941054 0.019383
1523957745011788032.000000 10.129369 0.930869 0.708323 1523957745011788032.000000 10.980104 -0.923412 0.056879
1523957745261636096.000000 10.170102 0.971904 0.712292 1523957745261636096.000000 11.000863 -0.905860 0.087183
1523957745511646720.000000 10.209236 1.020035 0.708299 1523957745511646720.000000 11.026239 -0.884252 0.121494
1523957745761680384.000000 10.240490 1.076416 0.698863 1523957745761680384.000000 11.043659 -0.853901 0.143729
1523957746012308992.000000 10.262453 1.123732 0.681801 1523957746012308992.000000 11.050128 -0.818161 0.165564
1523957746262854912.000000 10.288196 1.176913 0.660045 1523957746262854912.000000 11.075877 -0.786952 0.177677
1523957746511879424.000000 10.310277 1.236180 0.647042 1523957746511879424.000000 11.081910 -0.751434 0.195778
1523957746762658304.000000 10.332821 1.275038 0.633889 1523957746762658304.000000 11.097365 -0.724914 0.212652
1523957747012735488.000000 10.354989 1.317567 0.626113 1523957747012735488.000000 11.118430 -0.689791 0.229577
1523957747262074880.000000 10.379027 1.392120 0.611281 1523957747262074880.000000 11.120802 -0.654966 0.242293
1523957747512440064.000000 10.374970 1.448481 0.600538 1523957747512440064.000000 11.116225 -0.619194 0.259622
1523957747763716352.000000 10.396271 1.523248 0.582091 1523957747763716352.000000 11.114102 -0.572733 0.272925
1523957748013688064.000000 10.394868 1.592754 0.574580 1523957748013688064.000000 11.113115 -0.528307 0.289445
1523957748264321792.000000 10.394843 1.666354 0.565837 1523957748264321792.000000 11.116054 -0.482862 0.302678
1523957748513612032.000000 10.409088 1.749728 0.558152 1523957748513612032.000000 11.104434 -0.447135 0.318330
1523957748763523328.000000 10.411269 1.819947 0.561005 1523957748763523328.000000 11.106568 -0.403052 0.336431
1523957749012975104.000000 10.398325 1.899051 0.565739 1523957749012975104.000000 11.104914 -0.369610 0.367476
1523957749263567104.000000 10.399298 1.975955 0.578486 1523957749263567104.000000 11.100952 -0.324006 0.389738
1523957749512868608.000000 10.408453 2.041795 0.594173 1523957749512868608.000000 11.100123 -0.298516 0.413324
1523957749763533824.000000 10.411941 2.111972 0.620124 1523957749763533824.000000 11.090314 -0.273151 0.447127
1523957750013885440.000000 10.410072 2.173038 0.648672 1523957750013885440.000000 11.070789 -0.258781 0.480392
1523957750263923200.000000 10.402786 2.212446 0.688464 1523957750263923200.000000 11.057094 -0.243489 0.512014
1523957750513805056.000000 10.403797 2.266159 0.715048 1523957750513805056.000000 11.064483 -0.241072 0.541538
1523957750766079744.000000 10.395627 2.313257 0.736756 1523957750766079744.000000 11.045942 -0.225159 0.572741
1523957751014501120.000000 10.388086 2.363690 0.760805 1523957751014501120.000000 11.038752 -0.213236 0.607200
1523957751264939264.000000 10.372445 2.396683 0.787523 1523957751264939264.000000 11.020494 -0.213774 0.633863
1523957751515484928.000000 10.369438 2.433958 0.810978 1523957751515484928.000000 11.009806 -0.214107 0.675450
1523957751763939328.000000 10.323630 2.457240 0.833838 1523957751763939328.000000 10.985998 -0.220649 0.709230
1523957752013983488.000000 10.248552 2.492836 0.856645 1523957752013983488.000000 10.942199 -0.221325 0.734388
1523957752265150464.000000 10.170370 2.514939 0.875088 1523957752265150464.000000 10.910020 -0.235840 0.748796
1523957752515343616.000000 10.079902 2.526446 0.889631 1523957752515343616.000000 10.857487 -0.263214 0.760368
1523957752766035968.000000 9.985324 2.524132 0.896923 1523957752766035968.000000 10.826911 -0.269591 0.752623
1523957753016677376.000000 9.892669 2.513251 0.891909 1523957753016677376.000000 10.793963 -0.276398 0.734988
1523957753267107584.000000 9.801534 2.498811 0.877647 1523957753267107584.000000 10.753396 -0.277011 0.698645
1523957753518063360.000000 9.715600 2.474964 0.850168 1523957753518063360.000000 10.708130 -0.282572 0.657383
1523957753765356032.000000 9.630921 2.443491 0.812021 1523957753765356032.000000 10.667211 -0.275240 0.598443
1523957754015027712.000000 9.551041 2.405999 0.766780 1523957754015027712.000000 10.634489 -0.265890 0.532200
1523957754264823296.000000 9.479405 2.372485 0.719787 1523957754264823296.000000 10.618221 -0.248669 0.478604
1523957754515235328.000000 9.408598 2.333127 0.671912 1523957754515235328.000000 10.589985 -0.235744 0.415282
1523957754765578496.000000 9.346542 2.294839 0.628509 1523957754765578496.000000 10.565548 -0.219430 0.350088
1523957755015537408.000000 9.287263 2.259263 0.587797 1523957755015537408.000000 10.545711 -0.203933 0.294819
1523957755265931264.000000 9.237658 2.229788 0.551987 1523957755265931264.000000 10.525586 -0.193163 0.240734
1523957755515547392.000000 9.194512 2.209172 0.521903 1523957755515547392.000000 10.509746 -0.165152 0.207858
1523957755767125248.000000 9.133408 2.169823 0.497427 1523957755767125248.000000 10.486231 -0.155217 0.169110
1523957756016217856.000000 9.085625 2.142572 0.480012 1523957756016217856.000000 10.464317 -0.157064 0.125874
1523957756266279936.000000 9.035063 2.118668 0.468976 1523957756266279936.000000 10.440831 -0.174399 0.087913
1523957756516892672.000000 8.982098 2.075279 0.468796 1523957756516892672.000000 10.409569 -0.186230 0.066684
1523957756766992640.000000 8.935672 2.031546 0.478095 1523957756766992640.000000 10.387883 -0.192116 0.060924
1523957757016602112.000000 8.894795 2.000604 0.495313 1523957757016602112.000000 10.359255 -0.212627 0.033290
1523957757268324864.000000 8.852005 1.986160 0.519368 1523957757268324864.000000 10.337538 -0.235952 0.031832
1523957757516298240.000000 8.820486 1.965990 0.548165 1523957757516298240.000000 10.319318 -0.254436 0.034228
1523957757766556928.000000 8.794541 1.940993 0.586443 1523957757766556928.000000 10.302652 -0.287165 0.040650
1523957758016563456.000000 8.764035 1.927762 0.621235 1523957758016563456.000000 10.291945 -0.310017 0.044974
1523957758268337920.000000 8.729610 1.919968 0.644941 1523957758268337920.000000 10.273952 -0.327365 0.038580
1523957758517648640.000000 8.679897 1.922235 0.656364 1523957758517648640.000000 10.228753 -0.329396 0.046329
1523957758767777792.000000 8.634657 1.903439 0.670792 1523957758767777792.000000 10.199544 -0.351922 0.035277
1523957759017910528.000000 8.591389 1.903350 0.680667 1523957759017910528.000000 10.157211 -0.367896 0.033873
1523957759268730624.000000 8.544330 1.887129 0.698180 1523957759268730624.000000 10.117815 -0.385691 0.034228
1523957759518184192.000000 8.509063 1.882788 0.713538 1523957759518184192.000000 10.083016 -0.406006 0.033950
1523957759770852608.000000 8.475746 1.859500 0.730630 1523957759770852608.000000 10.056044 -0.428282 0.038006
1523957760018557184.000000 8.440106 1.841295 0.742470 1523957760018557184.000000 10.032244 -0.448964 0.038483
1523957760267292416.000000 8.407672 1.824303 0.746035 1523957760267292416.000000 10.011894 -0.467046 0.033855
1523957760517644544.000000 8.381160 1.786090 0.743239 1523957760517644544.000000 9.992949 -0.476793 0.016157
1523957760768211968.000000 8.351644 1.763511 0.724434 1523957760768211968.000000 9.978608 -0.487555 -0.006234
1523957761018987264.000000 8.318369 1.727042 0.694682 1523957761018987264.000000 9.966453 -0.482128 -0.043067
1523957761268673792.000000 8.289344 1.690116 0.655381 1523957761268673792.000000 9.958895 -0.475474 -0.084081
1523957761518636544.000000 8.260730 1.646524 0.604384 1523957761518636544.000000 9.954658 -0.455465 -0.133562
1523957761769273088.000000 8.227112 1.589180 0.545947 1523957761769273088.000000 9.946262 -0.430429 -0.192624
1523957762018098176.000000 8.189895 1.531175 0.487604 1523957762018098176.000000 9.937779 -0.403877 -0.253269
1523957762268814848.000000 8.164233 1.479260 0.436184 1523957762268814848.000000 9.929870 -0.371822 -0.312222
1523957762518597888.000000 8.140279 1.449831 0.382669 1523957762518597888.000000 9.915927 -0.346628 -0.376449
1523957762769318656.000000 8.090469 1.384785 0.326501 1523957762769318656.000000 9.899080 -0.321036 -0.445049
1523957763018651136.000000 8.037778 1.339324 0.271149 1523957763018651136.000000 9.877415 -0.300196 -0.508111
1523957763268845824.000000 7.999146 1.318297 0.235163 1523957763268845824.000000 9.854756 -0.294506 -0.556810
1523957763520344832.000000 7.953927 1.299617 0.218923 1523957763520344832.000000 9.829555 -0.299321 -0.594404
1523957763771037952.000000 7.916312 1.285702 0.216463 1523957763771037952.000000 9.804154 -0.314089 -0.619209
1523957764019705344.000000 7.868579 1.295993 0.221981 1523957764019705344.000000 9.782273 -0.346646 -0.633637
1523957764270844672.000000 7.818458 1.263748 0.231727 1523957764270844672.000000 9.728469 -0.359168 -0.632666
1523957764519979776.000000 7.758859 1.276584 0.247434 1523957764519979776.000000 9.688997 -0.394124 -0.626060
1523957764770426880.000000 7.716163 1.267253 0.268524 1523957764770426880.000000 9.641026 -0.420205 -0.628139
1523957765019627776.000000 7.666009 1.230930 0.299329 1523957765019627776.000000 9.596934 -0.459813 -0.623148
1523957765269581056.000000 7.590467 1.225827 0.311689 1523957765269581056.000000 9.553504 -0.498678 -0.619271
1523957765519859968.000000 7.561253 1.213152 0.347341 1523957765519859968.000000 9.513161 -0.539198 -0.612118
1523957765771068928.000000 7.523801 1.222830 0.366893 1523957765771068928.000000 9.471780 -0.578911 -0.600816
1523957766019804416.000000 7.466151 1.211154 0.388347 1523957766019804416.000000 9.431007 -0.612806 -0.592824
1523957766270172672.000000 7.402844 1.203656 0.409157 1523957766270172672.000000 9.387523 -0.640994 -0.588733
1523957766520228864.000000 7.366374 1.200062 0.419253 1523957766520228864.000000 9.370009 -0.667865 -0.595041
1523957766770195712.000000 7.300872 1.177578 0.421648 1523957766770195712.000000 9.332889 -0.679145 -0.600024
1523957767020747520.000000 7.244722 1.169941 0.415321 1523957767020747520.000000 9.294387 -0.678824 -0.610022
1523957767271046656.000000 7.163218 1.158520 0.400935 1523957767271046656.000000 9.249922 -0.690099 -0.640709
1523957767520630016.000000 7.110852 1.138455 0.386548 1523957767520630016.000000 9.205295 -0.697741 -0.674212
1523957767771523840.000000 7.043540 1.140879 0.366973 1523957767771523840.000000 9.153887 -0.690743 -0.701724
1523957768021412608.000000 6.959621 1.126471 0.350530 1523957768021412608.000000 9.099294 -0.688760 -0.728771
1523957768271453952.000000 6.888503 1.116073 0.340804 1523957768271453952.000000 9.046831 -0.686812 -0.758348
1523957768520982784.000000 6.807851 1.091125 0.326035 1523957768520982784.000000 9.007557 -0.688183 -0.774375
1523957768772455936.000000 6.734220 1.054051 0.320447 1523957768772455936.000000 8.959443 -0.696516 -0.807424
1523957769023011072.000000 6.668562 1.001354 0.316107 1523957769023011072.000000 8.919178 -0.710691 -0.847134
1523957769272128512.000000 6.606404 0.929030 0.324562 1523957769272128512.000000 8.887162 -0.724010 -0.885067
1523957769523261184.000000 6.537521 0.874471 0.317541 1523957769523261184.000000 8.858960 -0.731683 -0.925930
1523957769771376640.000000 6.501407 0.802487 0.320070 1523957769771376640.000000 8.829734 -0.734547 -0.972069
1523957770021583360.000000 6.420427 0.752669 0.307797 1523957770021583360.000000 8.798290 -0.730212 -1.017192
1523957770274979840.000000 6.370552 0.690079 0.304198 1523957770274979840.000000 8.763232 -0.719851 -1.061494
1523957770522388992.000000 6.295923 0.662516 0.286218 1523957770522388992.000000 8.726851 -0.712123 -1.112891
1523957770772433664.000000 6.220735 0.626316 0.270646 1523957770772433664.000000 8.695734 -0.712806 -1.178704
1523957771023069952.000000 6.148401 0.587227 0.250544 1523957771023069952.000000 8.668507 -0.715720 -1.249422
1523957771273081856.000000 6.083202 0.551506 0.235198 1523957771273081856.000000 8.612458 -0.699005 -1.294375
1523957771521982720.000000 5.999450 0.515014 0.220067 1523957771521982720.000000 8.585229 -0.720541 -1.363026
1523957771775204608.000000 5.920092 0.480053 0.209164 1523957771775204608.000000 8.527683 -0.724388 -1.414317
1523957772022551296.000000 5.861705 0.451647 0.205882 1523957772022551296.000000 8.469804 -0.734690 -1.459242
1523957772272295680.000000 5.786045 0.425970 0.204692 1523957772272295680.000000 8.440968 -0.764307 -1.505655
1523957772525503488.000000 5.740082 0.389317 0.209817 1523957772525503488.000000 8.383676 -0.785125 -1.535733
1523957772772776704.000000 5.685729 0.373183 0.224604 1523957772772776704.000000 8.341030 -0.808739 -1.562873
1523957773022794752.000000 5.641761 0.354164 0.236477 1523957773022794752.000000 8.294523 -0.828890 -1.582293
1523957773274267648.000000 5.585787 0.336723 0.240981 1523957773274267648.000000 8.252132 -0.849911 -1.601925
1523957773522895872.000000 5.531307 0.322639 0.243285 1523957773522895872.000000 8.214035 -0.867740 -1.618712
1523957773774610944.000000 5.488972 0.299448 0.247135 1523957773774610944.000000 8.180703 -0.883989 -1.636457
1523957774024436480.000000 5.433342 0.283955 0.243030 1523957774024436480.000000 8.141419 -0.896993 -1.661508
1523957774273905664.000000 5.386768 0.268638 0.238913 1523957774273905664.000000 8.101601 -0.908450 -1.686954
1523957774525240064.000000 5.324152 0.243331 0.230958 1523957774525240064.000000 8.055887 -0.912979 -1.710032
1523957774774539264.000000 5.262130 0.230656 0.227799 1523957774774539264.000000 8.006041 -0.926455 -1.738624
1523957775024505344.000000 5.202994 0.211331 0.221405 1523957775024505344.000000 7.952077 -0.940548 -1.769393
1523957775273584640.000000 5.140093 0.194881 0.218504 1523957775273584640.000000 7.893168 -0.955021 -1.795025
1523957775523713024.000000 5.086390 0.176710 0.215120 1523957775523713024.000000 7.832672 -0.980718 -1.832737
1523957775773917952.000000 5.007825 0.169277 0.210441 1523957775773917952.000000 7.767898 -1.002296 -1.863696
1523957776024116224.000000 4.939562 0.166061 0.208819 1523957776024116224.000000 7.705105 -1.024382 -1.890134
1523957776274765312.000000 4.868105 0.167431 0.206406 1523957776274765312.000000 7.641176 -1.036616 -1.906248
1523957776525406464.000000 4.794006 0.163357 0.204669 1523957776525406464.000000 7.575276 -1.040993 -1.917748
1523957776774953472.000000 4.710669 0.161933 0.197802 1523957776774953472.000000 7.501253 -1.048681 -1.937364
1523957777024405504.000000 4.620051 0.162903 0.193788 1523957777024405504.000000 7.425013 -1.051250 -1.955866
1523957777276403712.000000 4.538156 0.168020 0.190036 1523957777276403712.000000 7.346101 -1.043993 -1.970009
1523957777526472704.000000 4.447838 0.171754 0.179371 1523957777526472704.000000 7.261358 -1.034661 -1.988757
1523957777775407104.000000 4.354128 0.181034 0.169582 1523957777775407104.000000 7.184193 -1.028199 -2.014593
1523957778025006848.000000 4.265597 0.180367 0.157556 1523957778025006848.000000 7.100811 -1.017699 -2.045838
1523957778275158528.000000 4.158984 0.182439 0.139193 1523957778275158528.000000 7.021395 -1.010789 -2.087836
1523957778526461184.000000 4.068524 0.170471 0.123481 1523957778526461184.000000 6.943707 -0.999224 -2.129934
1523957778775121408.000000 3.975891 0.157079 0.103362 1523957778775121408.000000 6.865737 -0.982228 -2.169661
1523957779025472768.000000 3.871478 0.152736 0.083257 1523957779025472768.000000 6.788737 -0.961651 -2.202393
1523957779276109824.000000 3.787262 0.134715 0.070339 1523957779276109824.000000 6.717085 -0.945342 -2.229446
1523957779525687552.000000 3.707472 0.133957 0.066082 1523957779525687552.000000 6.651133 -0.942918 -2.257010
1523957779776517888.000000 3.639119 0.136382 0.070924 1523957779776517888.000000 6.592784 -0.949258 -2.276966
1523957780027506688.000000 3.587329 0.136242 0.086358 1523957780027506688.000000 6.541456 -0.956145 -2.285334
1523957780276655872.000000 3.539224 0.135633 0.101235 1523957780276655872.000000 6.495078 -0.973259 -2.288622
1523957780526882816.000000 3.490302 0.136481 0.120057 1523957780526882816.000000 6.450392 -0.991808 -2.302625
1523957780776634624.000000 3.453292 0.125925 0.137479 1523957780776634624.000000 6.410416 -1.018443 -2.317660
1523957781027262976.000000 3.424305 0.116965 0.156871 1523957781027262976.000000 6.376288 -1.039441 -2.318311
1523957781277037056.000000 3.388765 0.089810 0.168575 1523957781277037056.000000 6.354444 -1.057954 -2.314569
1523957781526658560.000000 3.352517 0.061208 0.172931 1523957781526658560.000000 6.332770 -1.074900 -2.326090
1523957781778104064.000000 3.317537 0.017129 0.170952 1523957781778104064.000000 6.315358 -1.090059 -2.346861
1523957782028782592.000000 3.278261 -0.023411 0.161546 1523957782028782592.000000 6.295208 -1.110815 -2.386834
1523957782279214848.000000 3.247480 -0.071954 0.147689 1523957782279214848.000000 6.263327 -1.143073 -2.448978
1523957782528494336.000000 3.202661 -0.130264 0.131079 1523957782528494336.000000 6.235572 -1.174049 -2.507809
1523957782776642560.000000 3.159220 -0.188458 0.115878 1523957782776642560.000000 6.209918 -1.202027 -2.563656
1523957783028957184.000000 3.119287 -0.254035 0.101042 1523957783028957184.000000 6.174137 -1.247436 -2.629869
1523957783278183424.000000 3.071051 -0.313164 0.087106 1523957783278183424.000000 6.139918 -1.280670 -2.685626
1523957783527673344.000000 3.026522 -0.361135 0.072033 1523957783527673344.000000 6.102097 -1.302232 -2.735598
1523957783778644736.000000 2.967051 -0.401153 0.055043 1523957783778644736.000000 6.057380 -1.322711 -2.791118
1523957784027679232.000000 2.899416 -0.439265 0.037486 1523957784027679232.000000 6.003820 -1.339642 -2.846427
1523957784277738240.000000 2.828405 -0.483139 0.018352 1523957784277738240.000000 5.940051 -1.347464 -2.896911
1523957784528344832.000000 2.752741 -0.516908 0.002635 1523957784528344832.000000 5.871148 -1.360406 -2.951442
1523957784778583296.000000 2.674208 -0.553864 -0.010342 1523957784778583296.000000 5.788666 -1.369665 -2.987454
1523957785027802368.000000 2.599674 -0.588023 -0.017869 1523957785027802368.000000 5.720485 -1.392113 -3.045398
1523957785278799104.000000 2.520811 -0.617652 -0.020693 1523957785278799104.000000 5.655182 -1.411999 -3.088647
1523957785528172544.000000 2.442027 -0.644484 -0.020126 1523957785528172544.000000 5.577546 -1.432200 -3.128470
1523957785778734336.000000 2.369938 -0.670308 -0.017778 1523957785778734336.000000 5.501570 -1.452076 -3.168344
1523957786028250112.000000 2.290309 -0.694048 -0.016923 1523957786028250112.000000 5.432622 -1.473273 -3.204602
1523957786278481152.000000 2.214951 -0.715611 -0.015463 1523957786278481152.000000 5.362422 -1.493647 -3.239395
1523957786528714496.000000 2.141424 -0.736479 -0.016721 1523957786528714496.000000 5.290684 -1.510819 -3.278496
1523957786778424320.000000 2.068035 -0.757013 -0.020511 1523957786778424320.000000 5.221505 -1.524322 -3.299940
1523957787028719872.000000 1.996518 -0.777691 -0.027701 1523957787028719872.000000 5.153043 -1.538280 -3.339321
1523957787278972928.000000 1.926466 -0.802068 -0.033671 1523957787278972928.000000 5.085005 -1.549743 -3.375436
1523957787529564672.000000 1.858357 -0.826841 -0.042163 1523957787529564672.000000 5.016672 -1.559638 -3.411285
1523957787778885888.000000 1.794390 -0.848718 -0.048983 1523957787778885888.000000 4.963403 -1.577417 -3.436825
1523957788030826752.000000 1.729956 -0.863768 -0.055368 1523957788030826752.000000 4.901757 -1.589315 -3.469897
1523957788281015808.000000 1.669589 -0.880698 -0.062061 1523957788281015808.000000 4.841694 -1.602395 -3.500486
1523957788529210624.000000 1.609728 -0.894678 -0.064474 1523957788529210624.000000 4.783015 -1.616732 -3.526424
1523957788781142016.000000 1.550758 -0.904580 -0.067779 1523957788781142016.000000 4.725548 -1.631297 -3.551751
1523957789030764032.000000 1.493849 -0.914153 -0.068479 1523957789030764032.000000 4.668102 -1.646110 -3.573709
1523957789280824320.000000 1.437134 -0.924163 -0.069144 1523957789280824320.000000 4.611504 -1.660011 -3.593244
1523957789529466112.000000 1.381278 -0.933559 -0.070472 1523957789529466112.000000 4.556453 -1.673313 -3.614709
1523957789779790336.000000 1.322433 -0.950903 -0.075519 1523957789779790336.000000 4.499717 -1.689257 -3.642099
1523957790029982976.000000 1.261764 -0.978490 -0.082077 1523957790029982976.000000 4.443240 -1.709915 -3.674846
1523957790280612864.000000 1.201256 -1.013653 -0.086047 1523957790280612864.000000 4.387147 -1.734268 -3.708270
1523957790530935552.000000 1.139670 -1.055724 -0.091471 1523957790530935552.000000 4.332764 -1.761294 -3.747139
1523957790780410368.000000 1.076189 -1.101475 -0.096280 1523957790780410368.000000 4.279035 -1.796228 -3.790783
1523957791030669824.000000 1.017520 -1.155291 -0.102025 1523957791030669824.000000 4.227324 -1.823973 -3.838305
1523957791280132608.000000 0.959348 -1.198944 -0.104243 1523957791280132608.000000 4.173747 -1.852929 -3.878482
1523957791533607936.000000 0.901558 -1.234712 -0.103306 1523957791533607936.000000 4.117040 -1.878939 -3.912836
1523957791782135040.000000 0.841763 -1.264121 -0.100493 1523957791782135040.000000 4.057980 -1.902862 -3.942981
1523957792030512640.000000 0.779530 -1.286398 -0.096373 1523957792030512640.000000 3.996433 -1.927668 -3.970765
1523957792280955136.000000 0.717515 -1.306072 -0.092850 1523957792280955136.000000 3.936319 -1.954645 -4.002255
1523957792531002624.000000 0.653534 -1.323261 -0.091567 1523957792531002624.000000 3.874804 -1.978111 -4.035498
1523957792780824832.000000 0.589562 -1.339308 -0.093857 1523957792780824832.000000 3.810797 -1.995582 -4.065058
1523957793031408128.000000 0.527223 -1.353022 -0.099853 1523957793031408128.000000 3.745679 -2.005977 -4.091362
1523957793281221888.000000 0.464019 -1.367080 -0.109411 1523957793281221888.000000 3.679542 -2.013188 -4.119343
1523957793532019712.000000 0.399758 -1.383538 -0.122989 1523957793532019712.000000 3.616524 -2.020688 -4.147622
1523957793782226944.000000 0.333390 -1.400295 -0.138402 1523957793782226944.000000 3.553961 -2.022563 -4.182708
1523957794032587776.000000 0.265515 -1.417869 -0.155553 1523957794032587776.000000 3.486468 -2.028245 -4.215500
1523957794282547968.000000 0.198317 -1.429990 -0.175529 1523957794282547968.000000 3.419137 -2.031507 -4.254606
1523957794532683008.000000 0.132320 -1.443188 -0.198230 1523957794532683008.000000 3.354132 -2.029051 -4.299932
1523957794782160640.000000 0.065023 -1.451481 -0.218239 1523957794782160640.000000 3.283422 -2.035806 -4.337015
1523957795032697600.000000 0.002260 -1.459106 -0.236446 1523957795032697600.000000 3.217996 -2.034046 -4.367910
1523957795283151104.000000 -0.063538 -1.463202 -0.251807 1523957795283151104.000000 3.150842 -2.032385 -4.396061
1523957795532166144.000000 -0.127900 -1.466531 -0.263471 1523957795532166144.000000 3.085466 -2.031059 -4.421433
1523957795782300928.000000 -0.191766 -1.468164 -0.272601 1523957795782300928.000000 3.019801 -2.029185 -4.444907
1523957796033394176.000000 -0.258422 -1.468217 -0.279209 1523957796033394176.000000 2.950575 -2.028163 -4.465840
1523957796283737344.000000 -0.325288 -1.467517 -0.280998 1523957796283737344.000000 2.882570 -2.029403 -4.483351
1523957796532645376.000000 -0.391963 -1.467205 -0.280029 1523957796532645376.000000 2.813197 -2.035270 -4.496593
1523957796784502016.000000 -0.460440 -1.467216 -0.275544 1523957796784502016.000000 2.741817 -2.041716 -4.511153
1523957797034393600.000000 -0.525400 -1.465844 -0.264972 1523957797034393600.000000 2.666904 -2.053530 -4.517825
1523957797283530240.000000 -0.591097 -1.462389 -0.252682 1523957797283530240.000000 2.599634 -2.066524 -4.520964
1523957797533125120.000000 -0.649812 -1.456111 -0.237608 1523957797533125120.000000 2.530564 -2.080874 -4.524120
1523957797784311296.000000 -0.708954 -1.447543 -0.223590 1523957797784311296.000000 2.462955 -2.095066 -4.523692
1523957798034175488.000000 -0.765052 -1.438858 -0.209321 1523957798034175488.000000 2.404780 -2.106802 -4.516134
1523957798286197760.000000 -0.814077 -1.428574 -0.196890 1523957798286197760.000000 2.349047 -2.114072 -4.510238
1523957798533552640.000000 -0.862044 -1.418245 -0.187414 1523957798533552640.000000 2.300842 -2.140146 -4.502146
1523957798784623104.000000 -0.908553 -1.405984 -0.181467 1523957798784623104.000000 2.248260 -2.135235 -4.498647
1523957799035246592.000000 -0.955396 -1.391902 -0.181162 1523957799035246592.000000 2.197044 -2.127368 -4.495640
1523957799286693632.000000 -1.008407 -1.379546 -0.187332 1523957799286693632.000000 2.144160 -2.116250 -4.500314
1523957799537099520.000000 -1.067558 -1.363342 -0.199599 1523957799537099520.000000 2.088784 -2.095003 -4.503621
1523957799784861952.000000 -1.126752 -1.344731 -0.217959 1523957799784861952.000000 2.020596 -2.088692 -4.524431
1523957800034277888.000000 -1.191306 -1.320030 -0.240932 1523957800034277888.000000 1.952985 -2.058936 -4.540383
1523957800284114944.000000 -1.251920 -1.296127 -0.265208 1523957800284114944.000000 1.879896 -2.026145 -4.560318
1523957800534224384.000000 -1.313739 -1.265543 -0.291084 1523957800534224384.000000 1.802697 -1.989327 -4.577486
1523957800785368576.000000 -1.378210 -1.233574 -0.316818 1523957800785368576.000000 1.736743 -1.950444 -4.583139
1523957801036183808.000000 -1.438966 -1.200167 -0.340304 1523957801036183808.000000 1.666805 -1.915305 -4.588689
1523957801285615104.000000 -1.502810 -1.161951 -0.362676 1523957801285615104.000000 1.592362 -1.871704 -4.593923
1523957801536231168.000000 -1.567207 -1.120043 -0.383753 1523957801536231168.000000 1.526463 -1.841997 -4.595500
1523957801785814016.000000 -1.645434 -1.091941 -0.409708 1523957801785814016.000000 1.451798 -1.817826 -4.612833
1523957802034990080.000000 -1.740216 -1.072475 -0.440310 1523957802034990080.000000 1.360295 -1.789482 -4.635357
1523957802285022208.000000 -1.831305 -1.053694 -0.465983 1523957802285022208.000000 1.272034 -1.756300 -4.647476
1523957802535046400.000000 -1.917183 -1.024148 -0.484809 1523957802535046400.000000 1.186873 -1.719774 -4.651389
1523957802788459264.000000 -1.998760 -0.988176 -0.500016 1523957802788459264.000000 1.097076 -1.683997 -4.649449
1523957803038046720.000000 -2.079755 -0.946552 -0.511934 1523957803038046720.000000 1.023797 -1.659760 -4.667530
1523957803286570240.000000 -2.161351 -0.901685 -0.523832 1523957803286570240.000000 0.936766 -1.622016 -4.668816
1523957803536661760.000000 -2.243520 -0.851579 -0.536362 1523957803536661760.000000 0.844234 -1.585456 -4.671823
1523957803785586944.000000 -2.327986 -0.797509 -0.547855 1523957803785586944.000000 0.752584 -1.544805 -4.668167
1523957804035947264.000000 -2.412012 -0.736128 -0.557734 1523957804035947264.000000 0.658513 -1.505530 -4.662959
1523957804286408704.000000 -2.493303 -0.677259 -0.563840 1523957804286408704.000000 0.563078 -1.463925 -4.651678
1523957804536941824.000000 -2.573517 -0.616365 -0.568364 1523957804536941824.000000 0.474443 -1.416959 -4.636626
1523957804786072064.000000 -2.647327 -0.548226 -0.569703 1523957804786072064.000000 0.387534 -1.376021 -4.620488
1523957805036260864.000000 -2.723555 -0.478094 -0.570846 1523957805036260864.000000 0.294928 -1.332577 -4.597906
1523957805286870784.000000 -2.797854 -0.404944 -0.570426 1523957805286870784.000000 0.209188 -1.288083 -4.574638
1523957805538071808.000000 -2.873131 -0.334410 -0.570888 1523957805538071808.000000 0.125575 -1.249840 -4.555831
1523957805787322368.000000 -2.945830 -0.262256 -0.571593 1523957805787322368.000000 0.044135 -1.203704 -4.531455
1523957806036913920.000000 -3.013260 -0.187286 -0.571392 1523957806036913920.000000 -0.033291 -1.157184 -4.504321
1523957806287290624.000000 -3.076776 -0.110937 -0.569734 1523957806287290624.000000 -0.104330 -1.123756 -4.486572
1523957806539962880.000000 -3.140858 -0.037116 -0.570747 1523957806539962880.000000 -0.180530 -1.078484 -4.463526
1523957806791216896.000000 -3.212262 0.033269 -0.575732 1523957806791216896.000000 -0.261295 -1.036433 -4.447165
1523957807036902656.000000 -3.284462 0.102708 -0.584203 1523957807036902656.000000 -0.333284 -0.996187 -4.429515
1523957807286897920.000000 -3.351064 0.175767 -0.590904 1523957807286897920.000000 -0.398415 -0.957094 -4.408208
1523957807537193728.000000 -3.410741 0.249639 -0.594953 1523957807537193728.000000 -0.467951 -0.917010 -4.386456
1523957807788411136.000000 -3.476895 0.320003 -0.601655 1523957807788411136.000000 -0.540072 -0.875248 -4.365473
1523957808037503744.000000 -3.542659 0.390508 -0.609624 1523957808037503744.000000 -0.608890 -0.834163 -4.347417
1523957808287408384.000000 -3.610360 0.457164 -0.618681 1523957808287408384.000000 -0.681162 -0.792081 -4.329014
1523957808538153728.000000 -3.683963 0.521011 -0.627235 1523957808538153728.000000 -0.747539 -0.766163 -4.313474
1523957808788454400.000000 -3.760347 0.583597 -0.636823 1523957808788454400.000000 -0.819628 -0.727379 -4.296628
1523957809038271488.000000 -3.834798 0.643413 -0.648963 1523957809038271488.000000 -0.889490 -0.688591 -4.289333
1523957809287891712.000000 -3.917269 0.701633 -0.666726 1523957809287891712.000000 -0.963950 -0.661412 -4.287942
1523957809538902784.000000 -3.997746 0.757445 -0.684418 1523957809538902784.000000 -1.034010 -0.627837 -4.281525
1523957809788803584.000000 -4.083087 0.815250 -0.702289 1523957809788803584.000000 -1.113793 -0.594223 -4.282135
1523957810038433280.000000 -4.169265 0.867244 -0.720205 1523957810038433280.000000 -1.195631 -0.561255 -4.286772
1523957810288912896.000000 -4.261671 0.918978 -0.743526 1523957810288912896.000000 -1.281360 -0.529293 -4.295149
1523957810538368000.000000 -4.357276 0.968926 -0.767240 1523957810538368000.000000 -1.360436 -0.498692 -4.300051
1523957810789359872.000000 -4.459726 1.022650 -0.792171 1523957810789359872.000000 -1.451520 -0.464501 -4.311647
1523957811040399872.000000 -4.563709 1.074039 -0.818231 1523957811040399872.000000 -1.544171 -0.428229 -4.319157
1523957811288471808.000000 -4.671771 1.126368 -0.843880 1523957811288471808.000000 -1.637297 -0.395702 -4.335448
1523957811540469760.000000 -4.777889 1.179407 -0.866662 1523957811540469760.000000 -1.737803 -0.361686 -4.354716
1523957811790716160.000000 -4.892901 1.231129 -0.890933 1523957811790716160.000000 -1.835423 -0.326373 -4.372443
1523957812038943744.000000 -4.999803 1.293595 -0.913184 1523957812038943744.000000 -1.933483 -0.292027 -4.390748
1523957812289085184.000000 -5.107613 1.350450 -0.930834 1523957812289085184.000000 -2.025663 -0.246667 -4.400884
1523957812541349120.000000 -5.211714 1.411170 -0.946348 1523957812541349120.000000 -2.122526 -0.207725 -4.417032
1523957812789440512.000000 -5.305474 1.465262 -0.957674 1523957812789440512.000000 -2.219854 -0.173059 -4.427403
1523957813039758592.000000 -5.416891 1.528329 -0.974163 1523957813039758592.000000 -2.316356 -0.131500 -4.446340
1523957813290481152.000000 -5.516416 1.591240 -0.986018 1523957813290481152.000000 -2.412789 -0.085766 -4.451629
1523957813541858560.000000 -5.614688 1.663584 -0.995048 1523957813541858560.000000 -2.510068 -0.054021 -4.456243
1523957813789867008.000000 -5.702072 1.726105 -0.993306 1523957813789867008.000000 -2.602980 -0.029446 -4.451539
1523957814042976000.000000 -5.784945 1.789292 -0.983154 1523957814042976000.000000 -2.694913 -0.011994 -4.442318
1523957814292802048.000000 -5.861278 1.845815 -0.964100 1523957814292802048.000000 -2.775465 -0.001585 -4.416494
1523957814540302848.000000 -5.924722 1.899511 -0.935324 1523957814540302848.000000 -2.854668 0.003311 -4.393246
1523957814790560512.000000 -5.986638 1.948483 -0.901193 1523957814790560512.000000 -2.926402 -0.010773 -4.357969
1523957815040429312.000000 -6.035997 2.012537 -0.872724 1523957815040429312.000000 -2.994730 -0.005547 -4.331005
1523957815292476928.000000 -6.078299 2.055132 -0.839753 1523957815292476928.000000 -3.058474 -0.013793 -4.296194
1523957815541530880.000000 -6.113968 2.109697 -0.812713 1523957815541530880.000000 -3.108411 -0.038879 -4.251675
1523957815790782208.000000 -6.145537 2.154057 -0.789989 1523957815790782208.000000 -3.155217 -0.030578 -4.220643
1523957816041320704.000000 -6.173956 2.210478 -0.781658 1523957816041320704.000000 -3.198478 -0.018746 -4.186422
1523957816291455488.000000 -6.203888 2.259144 -0.783151 1523957816291455488.000000 -3.239309 0.011448 -4.164483
1523957816541612544.000000 -6.239357 2.310405 -0.793089 1523957816541612544.000000 -3.289993 0.011266 -4.149152
1523957816791894528.000000 -6.271652 2.358085 -0.806682 1523957816791894528.000000 -3.324532 0.057402 -4.135404
1523957817041157120.000000 -6.304098 2.418274 -0.826162 1523957817041157120.000000 -3.372001 0.088049 -4.128972
1523957817292546048.000000 -6.336824 2.476509 -0.849692 1523957817292546048.000000 -3.413161 0.144271 -4.125132
1523957817541463040.000000 -6.365028 2.537929 -0.875155 1523957817541463040.000000 -3.460869 0.184956 -4.130928
1523957817791162880.000000 -6.398856 2.602875 -0.906559 1523957817791162880.000000 -3.509815 0.253158 -4.137955
1523957818042941184.000000 -6.432442 2.671158 -0.941562 1523957818042941184.000000 -3.558816 0.326829 -4.145834
1523957818291616768.000000 -6.468315 2.759437 -0.978330 1523957818291616768.000000 -3.611491 0.404717 -4.150045
1523957818541727232.000000 -6.498167 2.851406 -1.008524 1523957818541727232.000000 -3.658059 0.482062 -4.147676
1523957818794206464.000000 -6.545776 2.948403 -1.043709 1523957818794206464.000000 -3.711890 0.564796 -4.144332
1523957819044770560.000000 -6.606705 3.033543 -1.080021 1523957819044770560.000000 -3.782638 0.647722 -4.160349
1523957819294077952.000000 -6.675275 3.133980 -1.116617 1523957819294077952.000000 -3.869812 0.708217 -4.165513
1523957819542718720.000000 -6.762988 3.242085 -1.149044 1523957819542718720.000000 -3.953946 0.766356 -4.161812
1523957819793152512.000000 -6.818531 3.321901 -1.151677 1523957819793152512.000000 -4.018365 0.817993 -4.135220
1523957820043749120.000000 -6.863941 3.377065 -1.134049 1523957820043749120.000000 -4.092906 0.841829 -4.109041
1523957820292384000.000000 -6.906246 3.439042 -1.103699 1523957820292384000.000000 -4.147797 0.861941 -4.052129
1523957820543298048.000000 -6.933683 3.492168 -1.062811 1523957820543298048.000000 -4.199243 0.853032 -4.007819
1523957820792574976.000000 -6.954528 3.546254 -1.017191 1523957820792574976.000000 -4.257604 0.848257 -3.964928
1523957821042946560.000000 -6.968869 3.594992 -0.976970 1523957821042946560.000000 -4.291275 0.844524 -3.927763
1523957821293764352.000000 -6.971589 3.647030 -0.944449 1523957821293764352.000000 -4.327395 0.835103 -3.887806
1523957821545075712.000000 -6.973312 3.685512 -0.928195 1523957821545075712.000000 -4.361207 0.852742 -3.867682
1523957821794822144.000000 -6.981516 3.736856 -0.915869 1523957821794822144.000000 -4.391448 0.854137 -3.842562
1523957822044987904.000000 -7.012019 3.767631 -0.920607 1523957822044987904.000000 -4.396289 0.897310 -3.808215
1523957822293908480.000000 -7.064686 3.789856 -0.933669 1523957822293908480.000000 -4.428182 0.918329 -3.807523
1523957822544191232.000000 -7.120076 3.826864 -0.946400 1523957822544191232.000000 -4.471821 0.919353 -3.790348
1523957822793939200.000000 -7.198964 3.833624 -0.966379 1523957822793939200.000000 -4.493609 0.920526 -3.816191
1523957823043779072.000000 -7.263387 3.851428 -0.978396 1523957823043779072.000000 -4.540459 0.921184 -3.840483
1523957823294811904.000000 -7.332224 3.851132 -0.989056 1523957823294811904.000000 -4.564777 0.945047 -3.859546
1523957823544847360.000000 -7.395635 3.841432 -0.999795 1523957823544847360.000000 -4.584590 0.973009 -3.832595
1523957823794740736.000000 -7.467866 3.824528 -1.008053 1523957823794740736.000000 -4.621682 0.977560 -3.892868
1523957824044057856.000000 -7.525554 3.811194 -1.008826 1523957824044057856.000000 -4.655188 0.949996 -3.925977
1523957824293945088.000000 -7.590818 3.798924 -1.003434 1523957824293945088.000000 -4.692594 0.931496 -3.944888
1523957824544274688.000000 -7.643079 3.775263 -0.985476 1523957824544274688.000000 -4.707388 0.925766 -3.994466
1523957824794506496.000000 -7.674405 3.781856 -0.957150 1523957824794506496.000000 -4.755649 0.904201 -3.966981
1523957825045289216.000000 -7.714296 3.791866 -0.920883 1523957825045289216.000000 -4.761601 0.880543 -3.989869
1523957825294882560.000000 -7.738193 3.801149 -0.882571 1523957825294882560.000000 -4.786246 0.847333 -3.979438
1523957825545935616.000000 -7.762709 3.808850 -0.841403 1523957825545935616.000000 -4.819279 0.820585 -3.954346
1523957825795110912.000000 -7.785761 3.829973 -0.799805 1523957825795110912.000000 -4.842516 0.775987 -3.943986
1523957826044907264.000000 -7.806016 3.843361 -0.764708 1523957826044907264.000000 -4.867759 0.754033 -3.930143
1523957826295139840.000000 -7.825804 3.843016 -0.735397 1523957826295139840.000000 -4.899378 0.743954 -3.885063
1523957826545712640.000000 -7.852697 3.849699 -0.715657 1523957826545712640.000000 -4.921117 0.708212 -3.885605
1523957826796456960.000000 -7.888602 3.834664 -0.705444 1523957826796456960.000000 -4.941379 0.675512 -3.886674
1523957827045488896.000000 -7.929421 3.794188 -0.700921 1523957827045488896.000000 -4.953272 0.654947 -3.891845
1523957827297368320.000000 -7.968020 3.745343 -0.699434 1523957827297368320.000000 -4.961297 0.641698 -3.907208
1523957827545939968.000000 -8.002388 3.699499 -0.705042 1523957827545939968.000000 -4.966555 0.592717 -3.941144
1523957827795414272.000000 -8.024279 3.658754 -0.716642 1523957827795414272.000000 -4.961805 0.578373 -3.978448
1523957828045795072.000000 -8.038009 3.624409 -0.734822 1523957828045795072.000000 -4.960171 0.578591 -3.998600
1523957828295811840.000000 -8.055661 3.594465 -0.756371 1523957828295811840.000000 -4.952657 0.580780 -4.033838
1523957828546408192.000000 -8.065172 3.574288 -0.781069 1523957828546408192.000000 -4.943242 0.585253 -4.076813
1523957828797585664.000000 -8.079904 3.546721 -0.808075 1523957828797585664.000000 -4.941047 0.600976 -4.094796
1523957829047359232.000000 -8.099946 3.523486 -0.841342 1523957829047359232.000000 -4.935075 0.617655 -4.145860
1523957829296657920.000000 -8.116478 3.510991 -0.873157 1523957829296657920.000000 -4.934014 0.619421 -4.179453
1523957829548724480.000000 -8.135797 3.500383 -0.899804 1523957829548724480.000000 -4.934624 0.621409 -4.222783
1523957829797284096.000000 -8.158766 3.487189 -0.926658 1523957829797284096.000000 -4.965167 0.650808 -4.242703
1523957830047832832.000000 -8.190221 3.479056 -0.946347 1523957830047832832.000000 -4.983859 0.649139 -4.272910
1523957830297576448.000000 -8.228228 3.478306 -0.956411 1523957830297576448.000000 -5.005031 0.636805 -4.297207
1523957830546843392.000000 -8.266597 3.463225 -0.962495 1523957830546843392.000000 -5.034223 0.624869 -4.318393
1523957830796953344.000000 -8.307820 3.449382 -0.960735 1523957830796953344.000000 -5.066489 0.618846 -4.334934
1523957831046868736.000000 -8.351365 3.446654 -0.954722 1523957831046868736.000000 -5.102614 0.595239 -4.350351
1523957831297775360.000000 -8.403566 3.447246 -0.947775 1523957831297775360.000000 -5.141479 0.567905 -4.364342
1523957831548705792.000000 -8.455071 3.446536 -0.935792 1523957831548705792.000000 -5.180655 0.540644 -4.376047
1523957831798601984.000000 -8.512902 3.446350 -0.925011 1523957831798601984.000000 -5.226272 0.519030 -4.384831
1523957832047563008.000000 -8.561715 3.443801 -0.909495 1523957832047563008.000000 -5.270186 0.495746 -4.390487
1523957832297389824.000000 -8.621469 3.443144 -0.894827 1523957832297389824.000000 -5.320353 0.476862 -4.393197
1523957832547891456.000000 -8.677087 3.450182 -0.873699 1523957832547891456.000000 -5.362872 0.446278 -4.404515
1523957832799313152.000000 -8.728973 3.441351 -0.849990 1523957832799313152.000000 -5.409002 0.425806 -4.405163
1523957833047856896.000000 -8.780580 3.441222 -0.829479 1523957833047856896.000000 -5.451998 0.404700 -4.405504
1523957833298951168.000000 -8.824387 3.445822 -0.802658 1523957833298951168.000000 -5.488444 0.378924 -4.406507
1523957833548093696.000000 -8.862218 3.438537 -0.776104 1523957833548093696.000000 -5.520267 0.343601 -4.407711
1523957833798624768.000000 -8.899481 3.447945 -0.751909 1523957833798624768.000000 -5.555057 0.317995 -4.411146
1523957834048952320.000000 -8.922260 3.450584 -0.726110 1523957834048952320.000000 -5.586074 0.295421 -4.419688
1523957834299665408.000000 -8.944109 3.465473 -0.705044 1523957834299665408.000000 -5.613803 0.275146 -4.416740
1523957834548538112.000000 -8.971736 3.477263 -0.686169 1523957834548538112.000000 -5.631359 0.282287 -4.376668
1523957834798572288.000000 -8.989855 3.481341 -0.664320 1523957834798572288.000000 -5.652375 0.262859 -4.374114
1523957835049507328.000000 -9.015791 3.484696 -0.645535 1523957835049507328.000000 -5.669598 0.245777 -4.369119
1523957835299790080.000000 -9.031147 3.481719 -0.626875 1523957835299790080.000000 -5.681027 0.247785 -4.349443
1523957835548929536.000000 -9.049178 3.478214 -0.607999 1523957835548929536.000000 -5.698420 0.220083 -4.363060
1523957835799066112.000000 -9.070088 3.475090 -0.587889 1523957835799066112.000000 -5.712831 0.203177 -4.362799
1523957836048947200.000000 -9.084757 3.473136 -0.567317 1523957836048947200.000000 -5.718933 0.183727 -4.360118
1523957836299142656.000000 -9.103808 3.475324 -0.545035 1523957836299142656.000000 -5.744436 0.154121 -4.368948
1523957836550848512.000000 -9.120324 3.479593 -0.524520 1523957836550848512.000000 -5.767476 0.122858 -4.379669
1523957836799338752.000000 -9.134145 3.477960 -0.501514 1523957836799338752.000000 -5.796288 0.088844 -4.394354