1523384764706335488 -1.37317193408 3.21345412559 -0.149132102395 0.112218376157 -0.0658773904921 -0.964293843324 0.230661200035
1523384764955705984 -1.39371939484 3.20363389554 -0.163361055716 0.121782141316 -0.070927643216 -0.962257473623 0.232806644968
1523384765205132896 -1.40635937178 3.20000858106 -0.173414105362 0.13169864568 -0.0738975900669 -0.962858389633 0.223826572197
1523384765456847104 -1.40636544677 3.20272388257 -0.176784252496 0.1404903461 -0.0737321845607 -0.96652664956 0.201624064298
1523384765706610240 -1.39755080021 3.21118962813 -0.174078861024 0.146897798142 -0.0709790595572 -0.97204506554 0.168853192344
1523384765955140704 -1.38819627021 3.21864577333 -0.170465453419 0.147143672952 -0.0687878167206 -0.97702324626 0.137994753702
1523384766206630816 -1.38585636418 3.22376046472 -0.169080146038 0.142690526267 -0.0693736549652 -0.980483769242 0.116096029057
1523384766455663328 -1.38855090371 3.22619169532 -0.167696471155 0.136432906838 -0.070970141487 -0.983012397901 0.100179471562
1523384766705302176 -1.39373259788 3.22628758588 -0.165676488552 0.1300770336 -0.0725436064834 -0.9849867493 0.0872839858824
1523384766955356320 -1.38992603425 3.22592710113 -0.15896211392 0.128541666349 -0.0714804230691 -0.987001272132 0.064777140573
1523384767207140384 -1.36779465118 3.22310668421 -0.145610550788 0.132642393925 -0.0668782995938 -0.988588111671 0.0250366499275
1523384767455655040 -1.34033017308 3.21617237028 -0.130388576907 -0.138715234019 0.0622946930141 0.988186812514 0.0190860851334
1523384767705719936 -1.30621094381 3.20385995916 -0.113930688473 -0.144407434109 0.0581288489025 0.985557336054 0.0666653376927
1523384767956510848 -1.26730364744 3.18475164806 -0.0967092176369 -0.148314259054 0.0540763925486 0.98048250752 0.117186504247
1523384768207374656 -1.23283660159 3.16355545279 -0.0825729188237 -0.148705798531 0.0517694592982 0.974498151872 0.159874515057
1523384768457671104 -1.19590907246 3.13933897773 -0.0703335939106 -0.146226838152 0.0504377144937 0.96736544825 0.200693393743
1523384768706152864 -1.15136370807 3.10589492602 -0.0576220710008 -0.142057731121 0.0472962736319 0.957224226602 0.247597341534
1523384768957028512 -1.1108037342 3.07369718978 -0.048782123132 -0.137441744794 0.0455369734461 0.947110290414 0.286388282981
1523384769206343136 -1.07161340444 3.0381544173 -0.040471218273 -0.13430679032 0.0458707896487 0.935058825052 0.324842347028
1523384769456418048 -1.03643942758 3.00071966674 -0.0324291740083 -0.135106414258 0.0473613632802 0.920511671281 0.363540123137
1523384769707284928 -1.00747824621 2.96445320161 -0.0233108172693 -0.13907753789 0.0517490925145 0.905784440655 0.396905551669
1523384769957737632 -0.974925151416 2.9200136321 -0.0106506764121 -0.142605995335 0.0518111225998 0.887399565844 0.435317296014
1523384770206883488 -0.947006449032 2.8703219474 0.00262330066394 -0.14419627017 0.0496880912449 0.866962619481 0.474462164646
1523384770456835552 -0.926752308661 2.83014112887 0.012773994393 -0.14302393881 0.0484008134236 0.851551895998 0.502056652789
1523384770707259904 -0.911738209765 2.79393222672 0.0195401302615 -0.138564835257 0.0455869355653 0.839032871124 0.524161672491
1523384770958674240 -0.898790574755 2.75299006284 0.0257523741869 -0.133091430742 0.0400653269294 0.824923388752 0.547889444443
1523384771207487488 -0.889544014971 2.71289771779 0.0306716858588 -0.127434087784 0.0338268990897 0.810483528384 0.570730010063
1523384771457330144 -0.884330190916 2.67219296508 0.0350026154092 -0.123481464906 0.0284561581567 0.79341249601 0.595347953774
1523384771707366848 -0.882276139288 2.62735473156 0.0407442115772 -0.122639568678 0.0244642515024 0.77179546487 0.623452321351
1523384771959104768 -0.885770673305 2.5792217611 0.0437369830943 -0.121143161375 0.0190715456612 0.746681927964 0.653778792138
1523384772208645792 -0.895509662921 2.52836495523 0.0445282036655 -0.119448719384 0.0123268149691 0.717527906185 0.686100398568
1523384772458409536 -0.9098227944 2.48878218975 0.0411494005231 -0.117739349434 0.00819266920072 0.692280694794 0.711911346575
1523384772708817728 -0.926723928212 2.45674428797 0.0355113743339 -0.116456972121 0.00884450325773 0.668189356419 0.734766991893
1523384772957828608 -0.947411321156 2.41881905792 0.027230039221 -0.114612885679 0.00707643736423 0.63851076921 0.760997902805
1523384773209142528 -0.975453741399 2.37896345367 0.0181640663377 -0.112562621792 0.00658996667468 0.603892340158 0.789050232883
1523384773458043840 -1.00896387567 2.33552220607 0.0102515092427 -0.111662334702 0.00814304071767 0.561132874483 0.820118961536
1523384773709386656 -1.05065888964 2.29274140508 0.00324570929757 -0.110300187776 0.0103684960701 0.513490268637 0.850913689442
1523384773958277600 -1.09171692671 2.25847527899 -0.00531142764239 -0.107052837331 0.012195481838 0.47055640228 0.875766882518
1523384774209016128 -1.12630215802 2.23655267184 -0.0149449244592 -0.101171961706 0.0150143237239 0.43906930155 0.892612431397
1523384774458587840 -1.15225634195 2.22141535475 -0.0245154472628 -0.0938410198941 0.0181050270111 0.415275568136 0.90466141373
1523384774711010784 -1.17363159565 2.21165613435 -0.0321230062669 -0.0865705084226 0.0214204005863 0.396913383251 0.913513261921
1523384774958645504 -1.18762872931 2.20370330143 -0.0373629931086 -0.079851996435 0.022666615255 0.381891800438 0.92047190939
1523384775208790368 -1.18856619614 2.19309643499 -0.0424210597612 -0.0707693923352 0.0270490687888 0.369770321092 0.926029130549
1523384775458964960 -1.17908798152 2.18136047733 -0.0441878194746 -0.0626308043915 0.0337255979333 0.360433858562 0.930068492095
1523384775709241344 -1.16597078177 2.17244378222 -0.038397842539 -0.0586537493897 0.0373681415059 0.353103398814 0.932995900007
1523384775959186240 -1.15063935608 2.16781964675 -0.0257693594897 -0.0572821262496 0.0387859810893 0.347722016794 0.935042140612
1523384776210596480 -1.13859052232 2.16578390612 -0.00652849399385 -0.0592105168405 0.0370054530889 0.3422907239 0.936996142718
1523384776459329760 -1.1292754136 2.16593983337 0.0162544073762 -0.0639687245901 0.0301535133322 0.336761732229 0.938930404031
1523384776711060320 -1.1226972845 2.16748170787 0.0409397932007 -0.0708225081308 0.0195153193146 0.330015662155 0.941112632678
1523384776961683936 -1.11805325683 2.1680417626 0.0623680269155 -0.0774763068624 0.00518032887274 0.32330518413 0.943103570125
1523384777209733728 -1.11289875656 2.16674835967 0.0776270476436 -0.0822816332638 -0.0100587493927 0.317102627317 0.944761598572
1523384777461364960 -1.1042949121 2.16411319194 0.0896161398777 -0.085258371187 -0.0175348614884 0.309901213772 0.946775990653
1523384777709953088 -1.09337222242 2.16055469134 0.0940486297719 -0.0864566611453 -0.0221227235771 0.303362334032 0.948687053319
1523384777961015872 -1.08118866088 2.15551393856 0.0904315087322 -0.0856223883643 -0.0270055704565 0.29822291198 0.950264489784
1523384778210384000 -1.06831640475 2.14941626937 0.0800559288247 -0.0829452864065 -0.0309304474221 0.293987794982 0.951700879104
1523384778460101504 -1.05531862596 2.14417277032 0.0648253887384 -0.0796907683718 -0.0328364920391 0.290302855947 0.953045328437
1523384778710794912 -1.04392072191 2.14263220301 0.0469138910712 -0.077133899181 -0.0316751995819 0.286569689544 0.954423834763
1523384778960385760 -1.03235548168 2.14311486079 0.0277994619405 -0.0744722026975 -0.0253821060363 0.281722614058 0.956264612148
1523384779210755136 -1.01913236921 2.14393233305 0.00890528038174 -0.0705801560854 -0.0122842857672 0.275279580331 0.958691134069
1523384779461440032 -1.00551608921 2.14539416599 -0.00808443236909 -0.0655609392277 0.00545833738111 0.266843092059 0.961491931334
1523384779711513632 -0.993545300702 2.14657524313 -0.0245083119705 -0.0605676801673 0.0184463235104 0.259173765908 0.963753209247
1523384779961389536 -0.9838997549 2.14893741097 -0.036896328159 -0.0562006137378 0.0271064811003 0.251401850011 0.965869473329
1523384780212002240 -0.978285558049 2.15419744838 -0.0414497857356 -0.0541177536303 0.0327180605053 0.243087830531 0.967940651025
1523384780462269856 -0.974787018683 2.16235170541 -0.0390559387841 -0.0537927885371 0.0341267012677 0.234042793161 0.970136936278
1523384780711477088 -0.97250758627 2.17077185695 -0.0302987575917 -0.0544773539686 0.0338025139674 0.223325462187 0.972633202134
1523384780960001280 -0.968036789192 2.1756524661 -0.0197043560471 -0.0529708170748 0.0331677496746 0.211842509524 0.975303411292
1523384781212543776 -0.961003486833 2.17443912822 -0.0080483381318 -0.0498803754057 0.030955106386 0.199819199211 0.978072603218
1523384781462139392 -0.952411296243 2.16867409217 0.004644055467 -0.0454661929821 0.0272736073126 0.188160796585 0.980706118197
1523384781711687680 -0.940946566477 2.15802409852 0.0175895285907 -0.0407364745158 0.0212474919247 0.178863732216 0.982800513344
1523384781961568320 -0.926148899043 2.14389399195 0.031602076529 -0.0355826735958 0.0159273526757 0.170221499494 0.984634365583
1523384782213258848 -0.909965877399 2.12724745345 0.0472644390102 -0.0307112772417 0.0133063162783 0.160078265981 0.986536724181
1523384782462973120 -0.894466186552 2.11062561542 0.064728182568 -0.0276026190272 0.0103339434419 0.148934443197 0.988407727947
1523384782711979040 -0.880159828425 2.09417136975 0.0835607282191 -0.0282301475235 0.00408216606157 0.138305079799 0.989978837952
1523384782962397504 -0.864154752422 2.07953795676 0.104283369071 -0.0301947446589 -0.00206362392826 0.128698142142 0.991221875798
1523384783213023808 -0.844695358375 2.06543979197 0.124295731186 -0.0337484363197 -0.00901391800694 0.123292053747 0.991755444558
1523384783462236960 -0.810425655628 2.05750017471 0.143221574841 -0.0397474274639 -0.0193943279927 0.135593632994 0.989776928779
1523384783713396096 -0.757557099407 2.05956367115 0.162211566159 -0.0475037203732 -0.0278159943001 0.167278544661 0.984371655173
1523384783963205760 -0.701455899527 2.06798885338 0.177574830135 -0.0553806947135 -0.0347666894503 0.204890682953 0.976598210113
1523384784212651392 -0.655327842483 2.07939554617 0.189281073908 -0.0636971399949 -0.0402351672284 0.234557287665 0.969178355349
1523384784462689408 -0.618268038472 2.08974328622 0.195302425652 -0.0718540894116 -0.0438260022079 0.255335752641 0.963182186706
1523384784713573088 -0.586302213409 2.09931222644 0.194991082938 -0.0778394142627 -0.0444131876538 0.270420883653 0.958561964629
1523384784964537600 -0.55695555644 2.10738282124 0.187445462463 -0.0810780766036 -0.0426162210834 0.28149657626 0.95518054877
1523384785213363616 -0.530089940556 2.11448276474 0.174378293423 -0.0827053220231 -0.0387867039073 0.289833964052 0.952707559848
1523384785463414112 -0.505496208241 2.12115319852 0.156898956354 -0.0822409627258 -0.0327877550251 0.295559220791 0.95121298045
1523384785714340608 -0.483259260024 2.12658360029 0.136378755435 -0.0801245586607 -0.024018525647 0.298621670346 0.950698829033
1523384785963412416 -0.463663501321 2.13187099944 0.114319585272 -0.0762432845692 -0.0142228183488 0.299752737916 0.950859069005
1523384786214245312 -0.444894286163 2.13375483046 0.0914095270552 -0.0697433726381 -0.00138072484101 0.298568705492 0.951835428881
1523384786464968640 -0.41926779504 2.12712013632 0.0655913813878 -0.0571006558274 0.0140303287077 0.295890898299 0.953410321574
1523384786713674048 -0.392942105025 2.1161798168 0.0434765034381 -0.0438870444852 0.0296889671723 0.292347973208 0.954843000244
1523384786963675072 -0.373288212648 2.10891202542 0.0319820356314 -0.036157292062 0.0397954692785 0.287556722965 0.956253157868
1523384787215563712 -0.362025456057 2.10577290801 0.0332688497339 -0.0338598089216 0.0452048314484 0.27964880602 0.958439659992
1523384787464876416 -0.356356485735 2.10629554678 0.0458804916689 -0.0366092609785 0.0458437586921 0.269429871219 0.961231322989
1523384787715111328 -0.354811814817 2.10872473762 0.066882620398 -0.0421342316788 0.0415652636554 0.257738462832 0.964400290416
1523384787965754848 -0.355155586519 2.11179277155 0.0931386294146 -0.0490456114177 0.0340364024303 0.245265702141 0.967616032662
1523384788215933376 -0.354632230582 2.11250765319 0.122305720416 -0.0547166343011 0.0271367136048 0.231472095185 0.970922426281
1523384788464540320 -0.351880054429 2.10649446765 0.147643254914 -0.0575313990478 0.0173197720667 0.218216305641 0.97404918129
1523384788714538080 -0.347961303808 2.09468931151 0.168323156026 -0.0581807284295 0.00227029334047 0.207180023986 0.97656862855
1523384788964532832 -0.340911018354 2.07844609076 0.184450258871 -0.0575535303141 -0.0133420992317 0.197152275508 0.978591109605
1523384789214706368 -0.328355711198 2.05743864728 0.19708917445 -0.0552357793425 -0.0250105230238 0.187980531049 0.980299343244
1523384789465023712 -0.310975262952 2.03381592969 0.207396120394 -0.0509419830451 -0.0306137084376 0.179167760176 0.982021704919
1523384789715539616 -0.290177989003 2.00735133061 0.214316020879 -0.0464257786663 -0.0316899921814 0.170058814251 0.983829452276
1523384789966672224 -0.266248881466 1.97686537619 0.217560417866 -0.0421219979593 -0.0298060297314 0.160659097972 0.985660180853
1523384790215252480 -0.241378996294 1.94408701081 0.218716074279 -0.037405298386 -0.025078488352 0.150371580731 0.987603311448
1523384790466425056 -0.215625486178 1.91008446309 0.219828265744 -0.0327050847988 -0.0181594756136 0.139428008011 0.989525361704
1523384790715863296 -0.191839657938 1.87340254895 0.220745092375 -0.0291798607706 -0.0119892745754 0.128353745356 0.991226567982
1523384790965574272 -0.169921203702 1.83516479322 0.220442180253 -0.0275425034911 -0.010307175103 0.117646727668 0.992619977691
1523384791216237152 -0.152186891983 1.79723136062 0.219759579674 -0.0266306959265 -0.0119150520219 0.107124024928 0.993817528952
1523384791465598048 -0.13615688953 1.75796980655 0.219536878106 -0.0257352343942 -0.0137170723983 0.0963044941595 0.99492461224
1523384791716939168 -0.121017793379 1.71833918824 0.222693112887 -0.0228110562441 -0.0087324202519 0.0837638762403 0.996186234389
1523384791966361696 -0.109566607145 1.67759303819 0.226226783677 -0.0193754444993 -0.00337452258518 0.0701010032111 0.997346005204
1523384792217574432 -0.103379969231 1.63772912771 0.229171239204 -0.0165619539171 -0.00185093461971 0.0562157458141 0.998279552854
1523384792467212352 -0.100593947119 1.59808588449 0.232124777361 -0.013876808704 -0.0025103709546 0.042362941266 0.999002759468
1523384792716406176 -0.102187694073 1.55710979163 0.234429352686 -0.0123482909091 -0.00624062140337 0.02918835155 0.999478171092
1523384792966362336 -0.10817421296 1.51776857015 0.235541195861 -0.0113532221767 -0.0137364510325 0.0161656419769 0.999710501235
1523384793216363712 -0.118524047304 1.4790770634 0.235217334193 -0.0129542243961 -0.0242015723984 0.0041821215927 0.999614416574
1523384793467207360 -0.12966921752 1.44105414173 0.233065303059 -0.0153883701951 -0.0350073270424 -0.00733507370548 0.99924165336
1523384793716567872 -0.141126076198 1.40226920635 0.230739333082 -0.0176100533348 -0.0419528426168 -0.0183579923573 0.998795689385
1523384793967019392 -0.145785024632 1.36211568838 0.227698653238 -0.0184520286858 -0.0461146730235 -0.0234366226506 0.998490703156
1523384794218050720 -0.140238995244 1.31816629203 0.224766175328 -0.0175376550531 -0.0464808363295 -0.0198548852138 0.998567847491
1523384794468236896 -0.128841200187 1.273353964 0.222620325827 -0.0156910010473 -0.044320400192 -0.0122661729028 0.998818820215
1523384794718747424 -0.114790675346 1.2277217964 0.220336433715 -0.0135190277268 -0.0413806942705 -0.00257405718937 0.999048671617
1523384794967375776 -0.0963812560891 1.18099544901 0.219519173847 -0.0107847560002 -0.0367190542015 0.00803176026571 0.999235152966
1523384795217281632 -0.0772250607875 1.13278690447 0.220476465055 -0.00785479266801 -0.0303859289963 0.0184534903534 0.999337013347
1523384795467263296 -0.0586548439607 1.08282877037 0.222991109108 -0.00498353602588 -0.0245796655145 0.0266679898128 0.999329686706
1523384795717273696 -0.0426174269892 1.03182397111 0.227806141594 -0.00104311942013 -0.0170223474224 0.0286685605226 0.999443477755
1523384795967507072 -0.0303192814999 0.978419002249 0.234374491577 0.00352650455361 -0.00944795737389 0.0248978340297 0.999639133752
1523384796217584832 -0.0202065910088 0.921718961083 0.242619333818 0.00896731468711 -0.00376933774626 0.0181623895866 0.999787730953
1523384796468599328 -0.0104710503781 0.862566101067 0.25286519189 0.0147154603536 0.000310827126866 0.0104654950334 0.999836902713
1523384796717908128 -0.000472268949395 0.802644358629 0.265962541047 0.0199988286195 0.0026346502438 0.00199851542288 0.999794534596
1523384796968719040 0.00565579784131 0.743904171771 0.282144510385 0.0233970043645 0.00254050722436 -0.00870704445715 0.999685107115
1523384797218239328 0.0119946864904 0.685849488277 0.301830745749 0.0248621434115 0.00167068982498 -0.0200682440846 0.99948804305
1523384797469429568 0.020772880225 0.627707903345 0.324053004504 0.0256353948103 0.000330749233514 -0.0288360945784 0.99925532112
1523384797718242464 0.0347288391571 0.568076834685 0.34673783508 0.0248363517236 -0.00419147555602 -0.0304466716931 0.999218988685
1523384797969032992 0.0606258010521 0.507414812519 0.368686525194 0.0227835727255 -0.013581333427 -0.0179787454615 0.999486478602
1523384798218526176 0.0923408224929 0.449241283642 0.391016647128 0.0169717703024 -0.0262778886033 0.00316646114482 0.999505580328
1523384798468430592 0.115068037863 0.398202393116 0.415378102349 0.00741661178658 -0.0371071530376 0.017196554147 0.999135792367
1523384798719412576 0.128075102621 0.354607500468 0.441574468801 -0.00480019978266 -0.0434086761135 0.0220731583691 0.998801992689
1523384798968677664 0.135319938435 0.316085119892 0.464975839719 -0.0176821614206 -0.047801491483 0.0222409522101 0.998452652169
1523384799219392480 0.145197427069 0.281149785993 0.484646510684 -0.0298476954207 -0.0513129872818 0.0267545455815 0.997877891681
1523384799468867040 0.170635780603 0.250524012705 0.501560659136 -0.0411318620378 -0.0533694513853 0.046991040481 0.99662014514
1523384799719129024 0.20863392434 0.226265820895 0.514630852633 -0.0508614487508 -0.0545382947332 0.0791575945124 0.994068791719
1523384799969698368 0.250102542489 0.207583957618 0.52174556675 -0.059127712247 -0.0561804533575 0.117696370853 0.989694515794
1523384800220330976 0.284618302745 0.192565495242 0.522988962413 -0.0654758346303 -0.0570440669214 0.149973733507 0.984868909432
1523384800469354752 0.309047316051 0.178263366823 0.518773881825 -0.0694624192548 -0.0547324532762 0.171008922654 0.981292657286
1523384800719517632 0.328502189962 0.163300832919 0.509631743388 -0.0717493456025 -0.0496341243321 0.184966199906 0.978864643349
1523384800971290912 0.344160028429 0.146764215125 0.496788821369 -0.0712815241415 -0.0393397486621 0.192582798445 0.977897333177
1523384801219824896 0.356680100215 0.129271020202 0.479697974989 -0.0679043262683 -0.0272508234676 0.195627911398 0.977944842707
1523384801471164256 0.366274063179 0.110751845034 0.460546528699 -0.0627845668359 -0.0148072913312 0.195747133788 0.978530480825
1523384801721549760 0.374040611706 0.0897255818965 0.440275797262 -0.0561413509811 -0.00376562497904 0.194013477437 0.979383857
1523384801969944320 0.381006710089 0.0664278274627 0.41921180383 -0.0490701554135 0.00258646293611 0.191993904391 0.98016517523
1523384802220203200 0.386592176746 0.0422352144233 0.401730035604 -0.0430730935778 0.00675113331953 0.189230310978 0.980964331775
1523384802471391552 0.392748591117 0.0175869682323 0.391421438854 -0.0380225479819 0.0135708873911 0.18406778806 0.982084093273
1523384802721582848 0.397169983343 -0.00677854643909 0.38702594943 -0.0339618436482 0.0183946000967 0.178339326446 0.983210718262
1523384802970402656 0.399974932932 -0.0304783138397 0.387420711899 -0.0306822895678 0.0190973651825 0.171886371439 0.984453636828
1523384803220453280 0.400116547446 -0.0520745951094 0.393995731212 -0.0291648187238 0.0175772831476 0.164034549888 0.985866684146
1523384803471356928 0.398915384566 -0.0709184183608 0.407627367056 -0.0281713640253 0.0181687410485 0.153323916595 0.987607233518
1523384803722081248 0.395825325919 -0.0876379919135 0.425240985645 -0.0286675667037 0.0165071559671 0.141242838889 0.989422126741
1523384803970748704 0.391854229272 -0.102916179939 0.446327666524 -0.0304347666524 0.0129849345897 0.129348523697 0.991046959468
1523384804220960992 0.386873448166 -0.116318239976 0.469091715371 -0.0336458333849 0.00618190590137 0.118302194902 0.992388196532
1523384804472499744 0.380326080026 -0.127271379427 0.490930931519 -0.0383115968942 -0.00524148576868 0.108208716787 0.993375871451
1523384804721217824 0.374662484074 -0.137460032534 0.512594329119 -0.0433491694586 -0.0152726134545 0.0982606939679 0.994098804348
1523384804971837568 0.371790337031 -0.149679488837 0.532189241152 -0.0463353418071 -0.0212116770456 0.0884699208403 0.99477443371
1523384805223004448 0.371338435595 -0.166311471758 0.547022876703 -0.0473535947457 -0.0253817053981 0.0790767557443 0.99541964658
1523384805473129056 0.372403026742 -0.18641799862 0.555785668615 -0.047088344317 -0.0302156723552 0.0707427861154 0.995924273821
1523384805721532064 0.376290393721 -0.211908354874 0.558680260956 -0.0444246117263 -0.0343245306588 0.0633638628011 0.996410207374
1523384805972350688 0.382417359064 -0.241829761897 0.557718583016 -0.0397716416264 -0.0360229061966 0.0566852508961 0.996949020303
1523384806223016512 0.389853074569 -0.274118287039 0.554343901521 -0.0350431323704 -0.0351164348999 0.0506093607284 0.997485592618
1523384806472571936 0.396139977874 -0.303887774318 0.551915151906 -0.0321679359412 -0.0324689099823 0.0440449134016 0.997983486529
1523384806721980160 0.398861640414 -0.329704230581 0.550367408118 -0.0317475454991 -0.030542180822 0.0363590960315 0.998367309501
1523384806971963744 0.400154379007 -0.352956595125 0.549354522303 -0.032950709096 -0.0284503923968 0.0284325044964 0.998647294409
1523384807222673984 0.406696898247 -0.374077454441 0.549015823525 -0.0348244664527 -0.0268435734013 0.0269752696898 0.998668620679
1523384807473207552 0.41365010853 -0.393733225619 0.548488523901 -0.0368696301822 -0.0260110179106 0.0272003659729 0.99861113423
1523384807722906304 0.419855956849 -0.41250817276 0.548029149997 -0.0385923785837 -0.0245466006611 0.0263046005002 0.998607110281
1523384807973576896 0.422623313206 -0.431412602886 0.545799228331 -0.0393121241358 -0.0239795142889 0.0223500076498 0.998689149309
1523384808224280224 0.424314857284 -0.454285275034 0.540589245562 -0.0379653517036 -0.0241459557775 0.0170019792327 0.998842599007
1523384808474117408 0.426325475424 -0.483845727388 0.532928832596 -0.0330114620123 -0.0230291091606 0.0105407617582 0.999134022966
1523384808723795840 0.428871139567 -0.518890594694 0.524368122213 -0.0250778730066 -0.0205770638725 0.0035056551311 0.999467555807
1523384808973042080 0.432964940384 -0.55771683819 0.517185048846 -0.014681902296 -0.015240713738 -0.00440292986577 0.999766361006
1523384809223525248 0.437058682542 -0.598496833736 0.513193141495 -0.00332773308772 -0.00727222837405 -0.013604265075 0.999875474676
1523384809473178560 0.442737685657 -0.636301465388 0.513397381797 0.00388066446632 -0.00396342776217 -0.0183949115565 0.99981541242
1523384809724854048 0.447316689365 -0.670696814941 0.519303761397 0.00702438031295 -0.00399999058971 -0.0223994647774 0.999716420859
1523384809974873792 0.448751193856 -0.701846136905 0.529937262347 0.00586674409182 -0.00702233803086 -0.0281023767145 0.999563166841
1523384810223479776 0.449685185939 -0.730793421227 0.544448795761 0.001183618588 -0.0121159777276 -0.0333970607414 0.999368019533
1523384810474626720 0.450841971425 -0.757922070701 0.562528370297 -0.00456694984001 -0.0156208095801 -0.0389453704889 0.999108798577
1523384810725207840 0.450088266724 -0.781884630459 0.57788931521 -0.0142214064512 -0.0254561631248 -0.042655584095 0.998664226106
1523384810974520384 0.446000541762 -0.802239397589 0.588345485703 -0.0280315774342 -0.0419864016772 -0.0451092650138 0.997705631412
1523384811225547808 0.439302100017 -0.820411627256 0.592243804752 -0.0427199761985 -0.0602900467933 -0.0478149739668 0.996119391517
1523384811475030528 0.431384332556 -0.837201772233 0.584895108789 -0.0576241457984 -0.0806791722691 -0.0494328789571 0.993844414112
1523384811724115200 0.426758383864 -0.855341805773 0.5664847528 -0.069625632111 -0.097147459262 -0.0493253032199 0.991605595473
1523384811974410272 0.426979506334 -0.873230574737 0.539173835233 -0.0788568262601 -0.107717756534 -0.0469320937071 0.989937303297
1523384812226032640 0.450466736925 -0.894098361595 0.51042903066 -0.0844156032339 -0.107333715941 -0.0271883675311 0.990259699283
1523384812474367840 0.500744948912 -0.913768157169 0.48576665103 -0.0855292059558 -0.0922398139529 0.0107247154367 0.991998766193
1523384812724469536 0.556289448538 -0.929130585178 0.460950476338 -0.0791807049975 -0.0653993373874 0.048530764728 0.993528111077
1523384812975150400 0.59851019167 -0.940238504682 0.435159314341 -0.0663443737252 -0.0324524396891 0.0709519554252 0.994741716856
1523384813224689152 0.623361442469 -0.949708657266 0.405122809605 -0.0515159805091 -0.00338025072325 0.0799891049484 0.995457895015
1523384813474819840 0.635994043448 -0.957393728222 0.373522608103 -0.0386601513347 0.0150299163619 0.0838189562836 0.995617334562
1523384813726015904 0.640035980077 -0.963502620295 0.347166514159 -0.028260273942 0.0252420208928 0.0841751144736 0.995730258354
1523384813975845696 0.638340681614 -0.968029976431 0.330099217793 -0.0197383440336 0.0318068875743 0.0807696620999 0.996029608677
1523384814226640320 0.631804435601 -0.971621645207 0.322944864879 -0.0138070216919 0.0344047731103 0.0736710777363 0.996593322296
1523384814475834432 0.622226304606 -0.976691279696 0.32290204761 -0.00992017775152 0.0321836596391 0.0641937299578 0.997369022559
1523384814725525344 0.614505540623 -0.985839561182 0.328979939653 -0.00686603208791 0.0278155938094 0.054510828703 0.998102058859
1523384814975706080 0.609804415068 -0.99806874018 0.338829459685 -0.00568110139351 0.0188848686814 0.0492456655323 0.99859198437
1523384815226437888 0.608169193423 -1.01214976479 0.352384309969 -0.00680430211881 0.0065031519605 0.047915793148 0.998807032041
1523384815476265472 0.609560800222 -1.02712546127 0.369900115758 -0.00915694815784 -0.00410002339185 0.0481443155941 0.998790000443
1523384815726414656 0.608527939848 -1.04251924337 0.390423492332 -0.0128746684359 -0.0111330631062 0.0440909788447 0.998882517318
1523384815975831808 0.604411459287 -1.05813339067 0.41165003571 -0.0173687913173 -0.0162353424046 0.0361874134542 0.999062165159
1523384816227551680 0.599798945585 -1.07338203189 0.432226400434 -0.0233933925408 -0.0213840011101 0.0282872479655 0.999097245159
1523384816477017504 0.600925074248 -1.08640680343 0.453689352962 -0.0309068881096 -0.0260501329318 0.0260912539313 0.998842030208
1523384816726781536 0.609687255211 -1.09742817115 0.473074478908 -0.0390962086037 -0.0313342498596 0.032287870517 0.998221991681
1523384816978337664 0.622920589596 -1.10600575629 0.487806283056 -0.0491359154825 -0.0396143610884 0.0444004621657 0.997018035526
1523384817226439328 0.62996931948 -1.11379975458 0.496505165201 -0.0587149301863 -0.048791153066 0.0511523648662 0.99576875625
1523384817476476704 0.634508719824 -1.122552416 0.497784337569 -0.0659617917409 -0.0577710205726 0.0545942831035 0.994651202917
1523384817727486688 0.639184489106 -1.13278636745 0.490770569839 -0.0708755236126 -0.0653339006973 0.056643444594 0.993730175529
1523384817977270944 0.646265509544 -1.1445830386 0.477093881507 -0.0723874430844 -0.0680509099311 0.0568135576846 0.993429087255
1523384818227696896 0.660781381069 -1.15558395397 0.461183016998 -0.0707837771484 -0.0607935173111 0.0534431032511 0.994202011595
1523384818477345568 0.678869427816 -1.16524847364 0.444300817521 -0.0665128282573 -0.0472466954593 0.0483696818909 0.995491922277
1523384818727640096 0.696395281871 -1.17399482574 0.425925812776 -0.0602057103255 -0.0317680594065 0.0418802453244 0.996800936946
1523384818978583072 0.709102560581 -1.18192081225 0.404310896562 -0.0530905156663 -0.0223941148926 0.0361920509938 0.997682332313
1523384819227789856 0.715774238067 -1.1890594385 0.381557053673 -0.0452588375779 -0.0189743414815 0.0305334782713 0.998328261992
1523384819477512256 0.718805167597 -1.19489434123 0.36124371081 -0.0373516467501 -0.017100650589 0.0239157513345 0.998869590624
1523384819727598624 0.720816869627 -1.20148937167 0.345047979379 -0.0280265547319 -0.0129421689227 0.0160829025877 0.999393992746
1523384819977730944 0.72214226119 -1.20931739194 0.333615103225 -0.0187788412796 -0.00696876589185 0.00748038349196 0.999771391512
1523384820227749312 0.722728065876 -1.21764279771 0.329106096219 -0.00973805006088 0.00103952148815 -0.00116847027163 0.999951361044
1523384820477722944 0.721546631659 -1.22657690124 0.331452135183 -0.00314244595452 0.00782254207386 -0.00934620100257 0.999920787561
1523384820728390112 0.718806255758 -1.23680749112 0.338665976435 0.00101431646523 0.0103886201568 -0.0161835670147 0.999814552751
1523384820977972352 0.713794363126 -1.24829329972 0.346936046054 0.00136543462012 0.0051860109368 -0.0207836614318 0.999769613609
1523384821229587168 0.705706058758 -1.25985710496 0.355646429744 -0.00365694256536 -0.00761659889985 -0.0235834210052 0.999686168978
1523384821478913216 0.699007492388 -1.27128337384 0.365980989011 -0.0103922086958 -0.0205304442058 -0.0255841825034 0.999407800882
1523384821728991456 0.702187146292 -1.28119050616 0.379938761051 -0.0183529140288 -0.0232756346121 -0.02983299245 0.999115312635
1523384821979772672 0.710909876997 -1.28854158683 0.394239971288 -0.026459222749 -0.0187035696058 -0.03845517363 0.998734842507
1523384822228418080 0.721137115523 -1.29416892007 0.40625425053 -0.0344966919162 -0.0135553205314 -0.0497383513051 0.998074309829
1523384822479115744 0.732811941352 -1.29908933774 0.414207569728 -0.0416161484897 -0.0105066677195 -0.0615601659791 0.997180049982
1523384822729602752 0.74351846809 -1.30473047594 0.416542844902 -0.0470397711104 -0.0119387067254 -0.07307026451 0.996145302484
1523384822979226432 0.75541525539 -1.31167833148 0.414181818689 -0.0492480699904 -0.0155225446342 -0.0834258233357 0.995175266077
1523384823230088992 0.770678963349 -1.32031062671 0.408392237685 -0.04946632597 -0.0191820404093 -0.0921091337504 0.994334470589
1523384823479171456 0.792370068693 -1.32922650702 0.401814715789 -0.0477283252174 -0.0192076811203 -0.101326347761 0.993522039618
1523384823729633376 0.818664094525 -1.33706579168 0.395985083736 -0.0448017671267 -0.0154373788109 -0.111763165299 0.992604394449
1523384823979859904 0.848577253662 -1.34398323545 0.391173020619 -0.0401996276028 -0.00829323590167 -0.123670236585 0.991474096869
1523384824229692000 0.87332018733 -1.3519173816 0.385172384901 -0.0345290378526 -0.00404483656832 -0.134815506764 0.990260654564
1523384824479301344 0.895164582155 -1.36255238219 0.375774524553 -0.0282258213681 -0.0059204605152 -0.142922584862 0.989313593302
1523384824730277248 0.914063035299 -1.37665964598 0.36676786192 -0.0203155079943 -0.00867014328678 -0.148609216907 0.988649285339
1523384824979547104 0.930006944257 -1.39614783762 0.356303731699 -0.0112448076716 -0.0146630817006 -0.150310709397 0.988466104111
1523384825231328288 0.948154033929 -1.42133978336 0.348021303399 -0.000272979935078 -0.0171622256686 -0.148853421562 0.988710292442
1523384825479760352 0.967852042893 -1.44915330831 0.343725514528 0.0106294687138 -0.0151781733838 -0.145632234882 0.98916524889
1523384825731350176 0.981609862138 -1.47588902349 0.3431622038 0.0199501349931 -0.0146949432657 -0.141410700536 0.989640876546
1523384825980003680 0.989473144162 -1.49893123528 0.35019961423 0.0256818712875 -0.0134384667226 -0.139036927461 0.989862910661
1523384826230054656 0.990313183607 -1.51656034685 0.364738999441 0.0271172604763 -0.0125174068747 -0.140541097011 0.989624256352
1523384826480222688 0.984563420231 -1.52802533435 0.384707744553 0.0225870052968 -0.0153022244722 -0.14481425643 0.989082655925
1523384826732095744 0.977744633786 -1.53593011339 0.40916974157 0.0142656952518 -0.019010685928 -0.149801028477 0.988430440459
1523384826980441440 0.97597474888 -1.54219117384 0.436243808114 0.00364124724262 -0.0206731773213 -0.153724905001 0.987890689621
1523384827231326592 0.974328058231 -1.54525706723 0.459839887624 -0.00965636236149 -0.0265445425299 -0.158897519103 0.986890936401
1523384827481411808 0.974142948559 -1.5483507066 0.476346505504 -0.0255860572469 -0.0385821051849 -0.160583536872 0.985935952544
1523384827732468384 0.988970150159 -1.55576674852 0.486976483701 -0.0422994316337 -0.0521199360808 -0.15000640484 0.986403745357
1523384827982145376 1.01533044115 -1.56581093891 0.492617786641 -0.0563826126734 -0.0613553610092 -0.133940859989 0.987479805712
1523384828230949472 1.05210481721 -1.57758440329 0.492675749407 -0.0676331574871 -0.0660219233134 -0.113774283005 0.989000644174
1523384828481092672 1.09603363494 -1.59044278695 0.483329112884 -0.0782396098373 -0.0713795313527 -0.0888969632892 0.990394293135
1523384828732766720 1.14441297386 -1.60274349011 0.464227710467 -0.0885427401647 -0.0778381757183 -0.060097192823 0.991206199022
1523384828981919456 1.19521632449 -1.61461603679 0.435141563876 -0.0965156898982 -0.0846910235577 -0.0295280185947 0.991282123439
1523384829233010208 1.25025731813 -1.62698194456 0.398281579477 -0.0996985077334 -0.0885608943811 0.00228668849265 0.991066065708
1523384829482132960 1.30728479133 -1.64073632758 0.35495332889 -0.0958977166398 -0.0866410029554 0.0341852284695 0.991023882005
1523384829732804032 1.36176618533 -1.65457322622 0.309714913386 -0.0847971537069 -0.0770819154411 0.0622177035754 0.991461939964
1523384829982308544 1.41098271377 -1.66629966215 0.267617237112 -0.0691490402549 -0.0564904264826 0.081317180364 0.992680592197
1523384830231809984 1.45034593371 -1.67422913156 0.233088926722 -0.0521267881092 -0.0260287181748 0.0901724048312 0.99422041882
1523384830482652352 1.47928397426 -1.67967549074 0.201347879411 -0.0363518780614 0.00381453588755 0.090766293398 0.99520122099
1523384830731997600 1.49904110442 -1.68538424292 0.174822636203 -0.0223558115209 0.0286828254878 0.086957890375 0.995548009146
1523384830982201600 1.51248960479 -1.68902117822 0.157034125105 -0.0121506217494 0.0450909533823 0.0806638877877 0.995646777487
1523384831232145600 1.51637030397 -1.68796940464 0.152318273284 -0.00769681901061 0.0524541390496 0.0724919621363 0.995958953823
1523384831482815968 1.51392381984 -1.68365868841 0.158299185396 -0.00779069816492 0.0513094433414 0.0631329859879 0.996654841019
1523384831733016800 1.50797747714 -1.67620946717 0.17267298483 -0.0102682840666 0.0436907112977 0.0539463483997 0.997534698937
1523384831983270944 1.50027718864 -1.67069472461 0.191695293996 -0.0126320029552 0.0335724987413 0.0453896659665 0.998325146459
1523384832232489408 1.49219624155 -1.67227077633 0.209776854474 -0.0119159994912 0.0231588384003 0.0373133251372 0.998964159981
1523384832482717568 1.48462852567 -1.68373758062 0.22465284155 -0.00816090579388 0.0121456072479 0.0305675092221 0.999425590638
1523384832732808416 1.47864017054 -1.70120671036 0.23950448596 -0.00315293611173 0.0028030295466 0.0253476476611 0.999669794871
1523384832982943136 1.46991123851 -1.71514437941 0.257894339685 -0.00175678821859 -0.00615629399365 0.0200582956383 0.999778314686
1523384833233770016 1.45528614192 -1.72232679283 0.278131811388 -0.00728904364436 -0.0194167690881 0.0133740425406 0.999695450578
1523384833484684416 1.43515898478 -1.72161717415 0.297922396511 -0.0207370457652 -0.0392274327775 0.00623607072513 0.99899564307
1523384833733537984 1.41230020678 -1.71542642152 0.310543763903 -0.0404598405289 -0.0647025766188 0.000104805247623 0.997084032015
1523384833983429824 1.39138872573 -1.7066309409 0.31207721709 -0.0618759113067 -0.0908357561053 -0.00422028904833 0.993932807675
1523384834234237184 1.37515295787 -1.6990595829 0.299632697787 -0.080491084953 -0.112837900765 -0.00665639492945 0.990325444387
1523384834483502528 1.36711161549 -1.69607717499 0.273278292682 -0.0932139996977 -0.126713927417 -0.00823059206455 0.98751556353
1523384834733763008 1.36870592562 -1.69861907813 0.23641302138 -0.0998727817827 -0.131192025539 -0.00923861522345 0.986270108988
1523384834983874304 1.378157629 -1.70688178446 0.190190824698 -0.101851934374 -0.128371621259 -0.00943024984513 0.986437013046
1523384835234431584 1.39441565169 -1.72038455859 0.136205950218 -0.0998269287946 -0.119832052294 -0.00888025174683 0.98772263549
1523384835484138496 1.41653268159 -1.73934053507 0.0771497983303 -0.0914843927698 -0.102428647302 -0.00889153331983 0.99048468879
1523384835735699616 1.44432553808 -1.76707517943 0.0131580494286 -0.0718282811053 -0.077691885255 -0.00975910504232 0.994338689214
1523384835984271808 1.47598840907 -1.80551820748 -0.046456749271 -0.0430293083023 -0.041194166227 -0.0127368983075 0.998142920987
1523384836234187680 1.50140098495 -1.84774309691 -0.0975155482424 -0.0130777772959 -0.00372259731886 -0.0211040858538 0.999684816115
1523384836485985600 1.51631309128 -1.88801644464 -0.142213531129 0.0121159034419 0.0273575679928 -0.0343622735619 0.998961461976
1523384836735582304 1.52299996719 -1.91767038954 -0.17198597465 0.0283760927437 0.0480609320309 -0.0500677992366 0.997185118046
1523384836984609408 1.52082260865 -1.93807343036 -0.184594731623 0.0350455776335 0.0566187371312 -0.0684765479121 0.995428093074
1523384837234632896 1.51143848299 -1.95168665964 -0.182394110849 0.0336508954178 0.0546270862299 -0.0889185008099 0.993970320936
1523384837484781568 1.49812625356 -1.96501181917 -0.174296439049 0.0298761114783 0.0447721757597 -0.110189306062 0.9924521082
1523384837734976192 1.4792787279 -1.98215794562 -0.164109843014 0.0275663987627 0.0312207246471 -0.13145301261 0.990447103831
1523384837985415712 1.45672996181 -2.00236626511 -0.152667710532 0.0263722232576 0.0158993301685 -0.152108932943 0.987883894827
1523384838236779296 1.43263988402 -2.02668501324 -0.14117711741 0.0281996577976 0.00151468280126 -0.170436504988 0.984963899239
1523384838485226048 1.4064210652 -2.05388416718 -0.129074131807 0.0333143543065 -0.00892766072074 -0.189196795858 0.981333288495
1523384838735283360 1.37852742722 -2.08044554596 -0.114162914171 0.0402150663696 -0.0139237461282 -0.208946159209 0.977000706388
1523384838985510976 1.34876946599 -2.10532733102 -0.0958748348083 0.0477551747181 -0.0154523072039 -0.229521080525 0.97200861266
1523384839236348192 1.31520900326 -2.12916817384 -0.0750654801161 0.0538297179915 -0.0160185329343 -0.249828645542 0.966659927756
1523384839485652352 1.27877455054 -2.14981044305 -0.0531900063628 0.0558487647381 -0.0202522424586 -0.269691098345 0.961112622759
1523384839735711712 1.23897152359 -2.16603678297 -0.0307100350525 0.0521596047446 -0.0292664561925 -0.288525338883 0.955602416802
1523384839985848512 1.19690446258 -2.1785699046 -0.00932677816877 0.0436978535888 -0.042436253915 -0.306287019905 0.949988380657
1523384840235935168 1.15470758114 -2.18895593277 0.0101081613667 0.0330675842105 -0.0541309029892 -0.324193699284 0.943861655943
1523384840486168000 1.11743058924 -2.19940056029 0.0256450855946 0.0200394815205 -0.0643660211181 -0.341170831267 0.937580875657
1523384840736756864 1.08657276352 -2.21148347555 0.0372954893521 0.00678847848846 -0.0714102474576 -0.356813589732 0.93141749785
1523384840986258464 1.06172365409 -2.22598841479 0.0448711918329 -0.00364114139708 -0.0740611090238 -0.371830362445 0.925334466981
1523384841237045088 1.04011561329 -2.24301063804 0.0484996555852 -0.00864658733758 -0.0712237088594 -0.387117355046 0.919234775912
1523384841487137344 1.02112633055 -2.26680949376 0.0470067728653 -0.00760812389338 -0.0652073025354 -0.403081469071 0.912806361414
1523384841736542208 1.00079866518 -2.2970716176 0.0400126395061 -0.000836181784195 -0.0585121788111 -0.417987992701 0.906565862852
1523384841986627584 0.973083626664 -2.32914259357 0.0261779604882 0.0105973165529 -0.056576124079 -0.43097868206 0.900524410927
1523384842238060864 0.93998807523 -2.36444708095 0.00840201610843 0.0241368804234 -0.0571194041611 -0.441332962356 0.895198302618
1523384842487082304 0.905780251932 -2.39919937151 -0.00810779068525 0.0368698522862 -0.0582596192665 -0.450913866726 0.889900621165
1523384842738433824 0.872977699211 -2.42766917528 -0.0171098885761 0.0480680650168 -0.0567946364465 -0.462090322016 0.883706039753
1523384842987246816 0.841008705305 -2.44331446151 -0.0179154793755 0.0552820119888 -0.0536302963429 -0.47999667748 0.873882646626
1523384843238265440 0.808182661397 -2.44189746018 -0.0105158603409 0.0592168376807 -0.048107305008 -0.508948416804 0.857409215236
1523384843487843776 0.775574215289 -2.42200450063 0.00327565662954 0.0608375732409 -0.0420841937406 -0.548450167733 0.832904630695
1523384843737547680 0.746779373822 -2.38564162034 0.020005650755 0.0618601942712 -0.0368629557714 -0.595246719596 0.800309803556
1523384843988069536 0.725754327306 -2.3358426391 0.0360040716032 0.060427086412 -0.0348541308834 -0.646262855061 0.759919784554
1523384844238358112 0.714694329581 -2.28257681778 0.0506620743337 0.0585967823769 -0.0346475826261 -0.694990847006 0.715788854824
1523384844488382912 0.713568789298 -2.2383428585 0.0602376572273 0.0544475014131 -0.0390409741561 -0.733339678562 0.676553166997
1523384844738277248 0.71731087772 -2.20614466814 0.0606636421923 0.0465331609721 -0.0494704956749 -0.760453638421 0.645830936701
1523384844987769920 0.72295673719 -2.18390396342 0.053041698289 0.0389115375436 -0.0617695888265 -0.779840614945 0.621706542852
1523384845238091488 0.728379729764 -2.17031765236 0.0396057170989 0.0363650327485 -0.0728267635498 -0.794543144705 0.601726713805
1523384845489718048 0.731220998896 -2.163982981 0.0218235943308 0.0404595943005 -0.080919549039 -0.806078726331 0.584852233277
1523384845738230912 0.733429984281 -2.1590748861 0.00169185766664 0.0503847780722 -0.0856082027127 -0.817634000181 0.567104268644
1523384845988655456 0.737575969838 -2.14906411184 -0.0186204178919 0.0630689443897 -0.0857777014265 -0.832089406246 0.544326845016
1523384846239399840 0.746413667821 -2.13126801455 -0.0383159006273 0.0739032411405 -0.0834400994922 -0.849724540968 0.515309873011
1523384846489377216 0.758389719361 -2.10781917484 -0.0570815318219 0.0816230535712 -0.0798534740783 -0.868601694313 0.482174446067
1523384846738625504 0.772563671708 -2.08141996963 -0.0740261883699 0.0877333382692 -0.0758170052449 -0.887814060378 0.445354731946
1523384846988868768 0.789845781156 -2.05287003181 -0.0900770978887 0.0913534030493 -0.0711323202124 -0.906567511905 0.40586955433
1523384847239177728 0.808974218684 -2.02481209584 -0.106729936221 0.0935203197556 -0.0670983136443 -0.923697378095 0.365424301052
1523384847489846688 0.823113310486 -1.99942186182 -0.125285597921 0.0967032628979 -0.0655967928398 -0.937258634681 0.328468859147
1523384847740233984 0.827931060215 -1.97850575102 -0.145750261188 0.103311147731 -0.0670532127269 -0.946583085842 0.29801197126
1523384847989075168 0.825808669941 -1.95926043799 -0.168073422235 0.111266101223 -0.0708444162811 -0.953064336242 0.2725239336
1523384848240700256 0.818124192855 -1.94024199777 -0.189842801313 0.121689595456 -0.0763887764542 -0.957434450825 0.250351092595
1523384848489299296 0.804237581463 -1.91984226535 -0.211315535921 0.133656464752 -0.0842901934819 -0.960263426547 0.230054915941
1523384848740447616 0.783902413713 -1.89558620973 -0.232234883711 0.146778198375 -0.0939080357919 -0.961570014415 0.212180462516
1523384848990445984 0.761448412076 -1.87170591894 -0.245374724056 0.157728847596 -0.101082843193 -0.96231721511 0.197102630503
1523384849240024896 0.737474154079 -1.84980124851 -0.248792289385 0.165510907448 -0.105655173935 -0.963255670201 0.183252933298
1523384849489929760 0.712905773792 -1.82903123517 -0.243020716395 0.171374179284 -0.10746309459 -0.96440835304 0.170291228672
1523384849740196928 0.688713014391 -1.80857973028 -0.229353111329 0.175762294357 -0.107405508993 -0.965948499789 0.156573204207
1523384849990641952 0.664210600924 -1.78584844802 -0.212892452491 0.178736682357 -0.107640543084 -0.967644301809 0.141884520089
1523384850240058304 0.643828001452 -1.7664784306 -0.188976248678 0.175490815748 -0.103853236511 -0.97063742552 0.127594933419
1523384850490239008 0.62823072485 -1.74970175893 -0.161854691227 0.165324315305 -0.0975076784816 -0.974753996297 0.11408229534
1523384850740302784 0.615626966051 -1.73463897561 -0.135960933001 0.151233190784 -0.0913333234174 -0.979044930358 0.101280651557
1523384850990769984 0.604710387349 -1.72227236485 -0.109345714391 0.140150676476 -0.0846199055523 -0.982564417591 0.0881159733108
1523384851240440352 0.596081246387 -1.71432911535 -0.0836289479552 0.130279779237 -0.0774337643507 -0.985597541067 0.0750245180161
1523384851491229984 0.588347909271 -1.70962301195 -0.0602502404343 0.123874029604 -0.0713388639966 -0.987764513434 0.0623478730441
1523384851741679552 0.58268151702 -1.70779607688 -0.0409098267023 0.120104691771 -0.0666971122882 -0.989259635992 0.0499172397435
1523384851990977760 0.577798556707 -1.70544824965 -0.0279078376049 0.118998224488 -0.0653955580025 -0.990026233403 0.0375619586185
1523384852241431840 0.575696268753 -1.70155066276 -0.0233963563349 0.117259020281 -0.0665421610129 -0.99053189614 0.0258655311328
1523384852491848160 0.576152893362 -1.69885250271 -0.0243179594248 0.112793522186 -0.067376606864 -0.991208179822 0.0156319690137
1523384852742426368 0.577661412916 -1.69880503437 -0.0285520407677 0.10734021665 -0.0676298554745 -0.991897837965 0.00655435563781
1523384852991192800 0.580275783249 -1.70177602183 -0.0349774534654 -0.101124573565 0.0653552465604 0.992724369059 0.00091621208354
1523384853242481696 0.584852434773 -1.70876060489 -0.0461993068231 -0.0913622898777 0.0596425466678 0.994010129103 0.00628982161758
1523384853492102880 0.590667193098 -1.71859515532 -0.064489487762 -0.078831881656 0.0515941489147 0.995503677136 0.00979831828031
1523384853743081824 0.594201611154 -1.72953776823 -0.0903292439373 -0.0696331186984 0.0444196535744 0.996509692426 0.0121060339455
1523384853992479456 0.593860538401 -1.73950916898 -0.12390894376 -0.0673072182532 0.0403053295847 0.996818817363 0.0140521930448
1523384854243437568 0.587189572787 -1.74700715802 -0.162296315518 -0.074176955115 0.0416284761085 0.996240363298 0.0164313067907
1523384854491803360 0.576048546749 -1.75124676308 -0.20258254767 -0.0903272391838 0.0485845881876 0.994522155513 0.0201546482464
1523384854743586432 0.562749386925 -1.74843674634 -0.245816958205 -0.11125785736 0.0622711286811 0.991484787979 0.0264936013902
1523384854992160224 0.550872605074 -1.74119501562 -0.290258289506 -0.129946040846 0.077904803702 0.987854670857 0.0344676267571
1523384855242673056 0.538297992016 -1.73506776909 -0.328557007762 -0.145214588199 0.0899923717933 0.984365984141 0.0428684692837
1523384855492443904 0.524606344605 -1.72795409309 -0.358112303781 -0.157966775426 0.0992298402981 0.981058265675 0.0521978544268
1523384855742445248 0.510753419424 -1.71950826251 -0.378247126361 -0.167505958218 0.105498088353 0.978171704915 0.0631824581519
1523384855992459584 0.496071744095 -1.71117567309 -0.389197105117 -0.172115592437 0.108447314286 0.976201522158 0.075139809696
1523384856244237472 0.481145446461 -1.70206122001 -0.390515828952 -0.173399191499 0.108215449555 0.974874668346 0.08855234544
1523384856493157152 0.4662865568 -1.69309170144 -0.383613306822 -0.171498082687 0.104998233578 0.974152838989 0.102907846497
1523384856742903424 0.451964962586 -1.68510502381 -0.371061348465 -0.165398371074 0.0989123939293 0.974259429353 0.116954185432
1523384856993470304 0.437630373689 -1.67801660966 -0.354336095073 -0.157495501166 0.091422677684 0.974551755071 0.130713189105
1523384857243702016 0.42435920258 -1.67112467506 -0.334303572102 -0.151433867649 0.0846732157734 0.974010216006 0.145610196673
1523384857493190784 0.432369887276 -1.67461602247 -0.307264117192 -0.147385839206 0.0738040456448 0.969783200409 0.179863619034
1523384857743166528 0.445140721305 -1.68353460083 -0.282328302412 -0.140973680338 0.0620305739422 0.964204024273 0.215845381987
1523384857993954208 0.449905196169 -1.68887821276 -0.264553815393 -0.134278707633 0.055122940904 0.959290416623 0.242265529197
1523384858245144992 0.450293338319 -1.69249851154 -0.252818997757 -0.128443316073 0.0522996415393 0.954951168218 0.262364876402
1523384858494544448 0.447148021867 -1.69476246761 -0.247001260391 -0.12356379101 0.0511535929801 0.951343936727 0.277596854321
1523384858743552928 0.438825660092 -1.69317672212 -0.246863725993 -0.120318764929 0.0519276257284 0.949320374315 0.285688192622
1523384858993693984 0.407967992044 -1.67395757611 -0.258316029516 -0.114412679726 0.0577881366041 0.955361418655 0.266185705349
1523384859243827104 0.356437041137 -1.64363060682 -0.273426027398 -0.11026657642 0.0673853371089 0.965740223894 0.225047369283
1523384859494956832 0.290457305854 -1.61170756581 -0.290078406473 -0.105518316902 0.0755090960566 0.976907227266 0.169754324029
1523384859744961088 0.217942116285 -1.58632891395 -0.302319909254 -0.104608922131 0.0821966569785 0.984664184725 0.112858877865
1523384859994121184 0.146936609599 -1.56935053726 -0.308570995219 -0.110374900023 0.0870784918426 0.988065803852 0.0629339730371
1523384860244221216 0.0821279392601 -1.55906572538 -0.311130930206 -0.116855687616 0.0886608253288 0.988969413105 0.020579267862
1523384860494821664 0.0298777548179 -1.55448139439 -0.308712025912 0.122952429666 -0.086173241265 -0.988611584974 0.0101983618251
1523384860745021952 -0.0131520751458 -1.55192950721 -0.30251146594 0.129685110183 -0.0820594166345 -0.987649082132 0.0315802929548
1523384860996353408 -0.0529368455861 -1.55112453621 -0.29767656963 0.13196649505 -0.0775190426127 -0.986861964359 0.0517600764974
1523384861244913280 -0.106348841961 -1.55366648416 -0.300203772717 0.126118667361 -0.0767008101582 -0.985002000594 0.0893427461531
1523384861496254016 -0.169710691532 -1.5633460202 -0.307421124931 0.114433111102 -0.0779782210023 -0.980360097389 0.140422717465
1523384861744884192 -0.23349594521 -1.58019505946 -0.314877784701 0.102627139414 -0.0809884401254 -0.972151337209 0.194500180937
1523384861995023712 -0.284563702707 -1.59915958349 -0.318495741714 0.0952310974694 -0.0816583701464 -0.963447656491 0.236709868536
1523384862245574592 -0.320782901611 -1.61601931097 -0.319507354354 0.0931728093427 -0.0806433868324 -0.95647896904 0.264506055778
1523384862496849760 -0.353263176935 -1.62273615782 -0.330708916917 0.0963171329636 -0.0838597849189 -0.950757493368 0.282401726582
1523384862745444992 -0.391085665613 -1.61647988986 -0.357633562867 0.104542539025 -0.093634147784 -0.945369675111 0.294244254461
1523384862996122752 -0.433119675255 -1.6017767631 -0.391274063988 0.117038130293 -0.105431660435 -0.940606825958 0.300740818641
1523384863247382688 -0.473062980362 -1.58384697548 -0.424667766665 0.129616129403 -0.116004364888 -0.937121444766 0.302565768199
1523384863495659840 -0.511382452418 -1.56245390835 -0.455362528423 0.137126293637 -0.123735575087 -0.935213342455 0.302095831062
1523384863745747616 -0.547938095071 -1.53885899463 -0.480304835883 0.139066559349 -0.127577828087 -0.935024438617 0.300189421932
1523384863995849792 -0.583063043819 -1.51318227604 -0.498093731049 0.138079550718 -0.127669014757 -0.936063647115 0.297354180893
1523384864247440416 -0.619662854069 -1.48375256511 -0.51099895538 0.138913990566 -0.126265311252 -0.937597057796 0.292697337898
1523384864496116992 -0.656060057386 -1.45084374421 -0.522287390364 0.137331288074 -0.124450033519 -0.939839643328 0.286973433096
1523384864746119392 -0.69365219722 -1.41436505689 -0.533249100653 0.132372536944 -0.121802271633 -0.942550812806 0.281495441114
1523384864996891040 -0.731652818156 -1.3755602756 -0.54272898639 0.126478810801 -0.118342587492 -0.945448589181 0.275907788255
1523384865247576768 -0.771103894292 -1.33482543476 -0.54984430014 0.12451445141 -0.115339127684 -0.948173528007 0.268626130156
1523384865498967584 -0.810687502967 -1.29071394397 -0.556605417223 0.123566932775 -0.111823612512 -0.951212317372 0.259657120237
1523384865747981344 -0.849399634449 -1.24530844102 -0.564508505043 0.120773891118 -0.108654936421 -0.954324193097 0.250745102616
1523384865997415200 -0.88795697047 -1.19950483342 -0.571102363066 0.118284092431 -0.105080590351 -0.95744721189 0.24137476971
1523384866246725088 -0.925406529976 -1.15385931912 -0.575539154214 0.117925015892 -0.101324909375 -0.960398136133 0.231219319003
1523384866497200480 -0.961106272106 -1.10727084013 -0.579254119751 0.119475826268 -0.0980357499859 -0.963171114669 0.220036184591
1523384866748151424 -0.994197192106 -1.05994036628 -0.584246154263 0.117865549199 -0.0950523102869 -0.966171962937 0.208769031839
1523384866997203904 -1.026426444 -1.01127025784 -0.591902052665 0.113175579345 -0.0925859510162 -0.969206860158 0.198134278047
1523384867247163776 -1.05717561913 -0.960176332715 -0.601741087592 0.108809582838 -0.0910280415348 -0.971854647464 0.188076884648
1523384867497496352 -1.08833329219 -0.907469846369 -0.61352131142 0.105098942373 -0.0907640387965 -0.974081999973 0.178550718013
1523384867747496800 -1.11912382637 -0.852995284964 -0.627528545986 0.103688426501 -0.0921244869548 -0.97580843379 0.168996123202
1523384867997656704 -1.14950966418 -0.797036173456 -0.643211177028 0.104539956198 -0.0940009392966 -0.977246072005 0.158824858633
1523384868247670976 -1.17935645284 -0.741302869499 -0.657654386768 0.10934390652 -0.0967086135697 -0.978278385771 0.147182723515
1523384868497937408 -1.20618076526 -0.682749082306 -0.671084453279 0.116908301205 -0.0987177603566 -0.979070964514 0.134191278949
1523384868747826944 -1.23107103197 -0.624416912314 -0.68274343318 0.125677487507 -0.101207568162 -0.979705994337 0.118904844063
1523384868997901728 -1.25121655256 -0.56574274989 -0.69192405919 0.13317600377 -0.10334802665 -0.980397050293 0.102004711579
1523384869248070880 -1.26755935608 -0.509494588834 -0.696629729083 0.14029370545 -0.105007694315 -0.980917243488 0.0842165172289
1523384869498684320 -1.2795455316 -0.45475142032 -0.694935651232 0.147306810886 -0.105309984093 -0.981332407484 0.0647859301035
1523384869748307104 -1.28721272353 -0.404416170408 -0.68856379061 0.150456604564 -0.103926028484 -0.982108692075 0.0449967520792
1523384869999692992 -1.2897802897 -0.355899208712 -0.680516131747 0.148201743758 -0.100618814116 -0.983483288006 0.0259368387797
1523384870249762112 -1.28697683685 -0.31087530809 -0.670505866773 0.142329702552 -0.0962589409452 -0.98508932772 0.00868841018147
1523384870498513664 -1.28047046814 -0.270126762256 -0.660748923119 -0.132990852805 0.0905185012718 0.986950478724 0.00697040489641
1523384870748646496 -1.27079509754 -0.231859227302 -0.652685929638 -0.122667791142 0.0842954429838 0.988634812982 0.0211683222763
1523384870999726368 -1.2588502308 -0.195639489119 -0.645957022628 -0.115904620682 0.0796912983803 0.989452546783 0.0346276411502
1523384871248910432 -1.24638160532 -0.15730324408 -0.643299437997 -0.114915657147 0.0786066551707 0.98906147175 0.0487112985454
1523384871498243424 -1.23089345346 -0.113227389652 -0.648525764023 -0.116806209954 0.0816613367195 0.987816425492 0.0625015594114
1523384871750803232 -1.21388060837 -0.0653417709217 -0.660382181914 -0.118630623177 0.087331337851 0.986205772219 0.0754863399293
1523384871999155040 -1.19477033948 -0.0159317715651 -0.675937507242 -0.117922395341 0.0913969420307 0.984949803527 0.0872627766913
1523384872250041568 -1.17346762512 0.0345369021467 -0.691226685318 -0.118035068514 0.0940572561482 0.983574378782 0.0990070531393
1523384872500999904 -1.15131239423 0.088492085934 -0.708310011313 -0.119986282858 0.0964876044662 0.981753691285 0.111593565043
1523384872749516256 -1.13343312712 0.147137165816 -0.727496725656 -0.122189874091 0.100547399918 0.980145624055 0.119475565221
1523384872999728544 -1.12754156626 0.211450991892 -0.750371976642 -0.121466776 0.105369661926 0.980343780339 0.114320291395
1523384873249664384 -1.14582674204 0.277573645247 -0.774119677221 -0.124151270198 0.10868112719 0.981505515475 0.0970659455852
1523384873499772544 -1.165950776 0.340781650312 -0.794744326792 -0.123775520067 0.108311442246 0.983325879264 0.0775787811215
1523384873749933536 -1.17759699827 0.401517655891 -0.809179431255 -0.123572672621 0.105851932405 0.984348964538 0.0676925328308
1523384874000069376 -1.18205836041 0.465731625816 -0.823048958556 -0.12504420564 0.104273967791 0.984510244164 0.0650420280548
1523384874249990336 -1.18821765721 0.535079743859 -0.840790109314 -0.125720363624 0.104882859776 0.984511172171 0.0627034908594
1523384874500307296 -1.19368640023 0.608679850591 -0.859520326105 -0.1254793354 0.106160864016 0.984460542735 0.061824324798
1523384874750620384 -1.19851919982 0.683427699927 -0.878445545872 -0.124239716017 0.107074184048 0.984427296871 0.0632653874604
1523384875001811392 -1.20377847635 0.757112259726 -0.892749834799 -0.125744853841 0.106681650952 0.983971117194 0.0678829699561
1523384875250504448 -1.20593423987 0.821169341662 -0.896908095632 -0.126893360643 0.100698850337 0.983919819857 0.0752303439936
1523384875500673760 -1.20810112817 0.877039949276 -0.895755785193 -0.125463581148 0.0903232844013 0.984387137767 0.0841579295098
1523384875750807648 -1.20510759806 0.927815084226 -0.890087665729 -0.121754669208 0.0787446775997 0.984937665244 0.0941959227345
1523384876000974048 -1.1946586938 0.973783197317 -0.884960711597 -0.11149093682 0.0672027918555 0.986090622897 0.103338469157
1523384876251291136 -1.18295579361 1.02105157977 -0.883010122077 -0.104086832394 0.0593722625139 0.986419425945 0.112328010241
1523384876501854816 -1.17328133586 1.07221644387 -0.886414588157 -0.102977182337 0.0587588755376 0.985508909777 0.121306567068
1523384876751272224 -1.16342648508 1.12584919206 -0.89493578554 -0.104552914884 0.0616681367596 0.984293730264 0.12818573033
1523384877002669696 -1.15638706167 1.17895974677 -0.903447327703 -0.111051143328 0.0688855796018 0.982147189963 0.13531192755
1523384877252636448 -1.14831800165 1.23080375229 -0.90882526162 -0.123644772284 0.0805067712035 0.978276956956 0.145618767905
1523384877501627520 -1.13738374673 1.27856781755 -0.909502818984 -0.137986672402 0.0944092673721 0.973124055659 0.158354478215
1523384877751752480 -1.1224066374 1.32247864673 -0.903908726 -0.150076299165 0.107430572458 0.967320837087 0.173856764801
1523384878002474752 -1.10151577861 1.35947258409 -0.888405105919 -0.155912530543 0.11771190675 0.962110960907 0.190204334154
1523384878251905312 -1.06890002081 1.39258185053 -0.863627688948 -0.153475229041 0.122524808825 0.95881107142 0.205217822363
1523384878502713120 -1.03155395624 1.4147491448 -0.828198355497 -0.144037541975 0.123491215302 0.95732962534 0.217997923592
1523384878752102720 -0.985711214131 1.4343442117 -0.783806922693 -0.13191703701 0.119961207243 0.956945423735 0.229047287903
1523384879002048352 -0.936428051682 1.44878646781 -0.73423501537 -0.119158584407 0.113913554476 0.956798486739 0.239502796732
1523384879252250240 -0.88350582616 1.45856825712 -0.679612867616 -0.110759609727 0.106611450476 0.955885726192 0.250297394998
1523384879503002016 -0.832760334855 1.4630871463 -0.622329633916 -0.105403382294 0.0993169554734 0.954346229795 0.261246134961
1523384879753515264 -0.784396312818 1.46606220507 -0.566429748796 -0.105468085251 0.0931685014482 0.951806725055 0.272507011784
1523384880003299392 -0.738372171749 1.4688051277 -0.513936985118 -0.108430878689 0.0876447017957 0.948566750807 0.284222219499
1523384880253308032 -0.696240288496 1.47040905706 -0.467049547033 -0.110543119568 0.0807011245257 0.94551812453 0.295403154014
1523384880502730368 -0.656376903892 1.47126628586 -0.426197099197 -0.112309655256 0.0717257094242 0.942442263794 0.30666682794
1523384880752901088 -0.615988364995 1.4718219732 -0.394770031954 -0.111021919032 0.060836538071 0.939954997181 0.316950551986
1523384881002810752 -0.570885152394 1.47898818666 -0.380857775164 -0.102220429051 0.0499116515057 0.938636237651 0.325609926596
1523384881253835232 -0.521029495327 1.49104254181 -0.384892305532 -0.0886735685938 0.0419146951096 0.937705848888 0.333298511139
1523384881504038944 -0.470197452472 1.51144937153 -0.401854224091 -0.077961557386 0.0371914197748 0.936314447321 0.34037339732
1523384881753389824 -0.420072948364 1.54427687445 -0.431756247447 -0.072774189969 0.0373643593158 0.934580357028 0.346218685494
1523384882003374464 -0.373810197856 1.58984599786 -0.465957185083 -0.0772024971093 0.0431262563739 0.932194235073 0.350989755617
1523384882254271808 -0.330306920206 1.64929610282 -0.502415318039 -0.0897710034358 0.0529546907784 0.929034673991 0.355009214232
1523384882505170880 -0.294694587084 1.71475370768 -0.53670142696 -0.107037679555 0.0640588049701 0.925264348043 0.358225195793
1523384882754325088 -0.26375507624 1.77657905995 -0.560938273038 -0.128639132074 0.072544755627 0.919990362089 0.363052290715
1523384883003907008 -0.235826066957 1.8293313823 -0.580993036921 -0.144141326149 0.0774714562173 0.914422606654 0.37020635868
1523384883253935360 -0.208291569959 1.87866858547 -0.596790932316 -0.150991253609 0.0779654813148 0.909670237179 0.378976364233
1523384883505740896 -0.180498857899 1.92051322574 -0.608055384591 -0.149927396424 0.077217427343 0.906161103522 0.387854739793
1523384883755433952 -0.148301869375 1.95899313736 -0.616674052171 -0.143526866625 0.0733474516125 0.903967987722 0.396058161226
1523384884004894752 -0.118504169259 1.99842315429 -0.622377448675 -0.138914592728 0.0694933751437 0.900456343578 0.406265652066
1523384884254724832 -0.0944562411274 2.03821030571 -0.627265632878 -0.135140361688 0.0670554938801 0.897473256166 0.414466401353
1523384884504340992 -0.0764007321643 2.08391875619 -0.630154305221 -0.135547822513 0.0675212625442 0.895798299899 0.417867290913
1523384884755685600 -0.0653021966245 2.12967714737 -0.627902927389 -0.139915905868 0.0725402468738 0.892233547878 0.423179333037
1523384885005542848 -0.0544487491037 2.17163839764 -0.620249117874 -0.147306201015 0.0796340369234 0.886199095659 0.431984335549
1523384885254629344 -0.0462182377232 2.21402079394 -0.607157452397 -0.153580565174 0.0877340931667 0.880923131676 0.438964890367
1523384885504808800 -0.0399622630246 2.25789575966 -0.590817696088 -0.157420718245 0.0943956512897 0.876502722752 0.445029387225
1523384885755186272 -0.0308080122571 2.2970818129 -0.56738314363 -0.160096519274 0.0996822105475 0.870530028881 0.454543760526
1523384886006623776 -0.0212548370058 2.33360924595 -0.538103702713 -0.162465822232 0.102162132754 0.862927342983 0.467465673575
1523384886256670720 -0.0115198516592 2.36540400007 -0.501622844416 -0.16483129357 0.103055968796 0.854392234727 0.481896276386
1523384886505469600 -0.00379991754098 2.39433739295 -0.45806696546 -0.166408296458 0.102010478975 0.845371824774 0.497241006885
1523384886755353280 0.00230950615751 2.42077330664 -0.411234954734 -0.166487806788 0.0990790940541 0.836036977392 0.513329636535
1523384887005540288 0.0101252259399 2.44451525874 -0.361857849042 -0.166372740251 0.0945462517816 0.826329471455 0.529679829878
1523384887257169728 0.0105260565778 2.48097672892 -0.317861968038 -0.160744250362 0.0889501290285 0.826519191195 0.532085695267
1523384887505653824 0.00379590847101 2.53131281022 -0.284382001702 -0.149228390471 0.0824482959143 0.840634958022 0.514068121293
1523384887755842944 -0.00708480251972 2.58570464205 -0.254877310667 -0.136386925389 0.0724121481352 0.858761575627 0.488552600661
1523384888006926464 -0.023402055886 2.63902066498 -0.227790920888 -0.124415130143 0.061187101455 0.878193701605 0.457769414081
1523384888256623904 -0.0438479141001 2.6937653286 -0.206234030395 -0.11489685627 0.0502022799786 0.897748399294 0.422286934523
1523384888506810752 -0.0699052876598 2.74637325878 -0.19046648096 -0.106483408448 0.0405907511263 0.916411537086 0.383671173461
1523384888757783936 -0.0994777241789 2.79741285693 -0.182307980084 -0.0995247422859 0.0319211071951 0.933806111935 0.342172491443
1523384889007248864 -0.132090804557 2.84576498973 -0.181086585171 -0.0945507393048 0.0263455286355 0.949205672659 0.298955952958
1523384889258172320 -0.168840683103 2.89182305085 -0.189497768276 -0.0895763139091 0.0220906472022 0.963134555129 0.252705195849
1523384889508117920 -0.212933884119 2.93672786495 -0.207278030193 -0.0854936967348 0.0211885404853 0.975464383934 0.201769941388
1523384889756543168 -0.258213401551 2.97312269382 -0.229424991403 -0.0874457939641 0.0269722212385 0.983873957684 0.153680733307
1523384890007318400 -0.296799909139 3.00560550687 -0.254222248956 -0.0989120719824 0.0375603001039 0.987359580334 0.118011376547
1523384890256925728 -0.331183837286 3.03144862397 -0.278576800116 -0.114666832444 0.0514171735927 0.987703549358 0.0930026364266
1523384890507665664 -0.359021071983 3.0512345648 -0.301478982937 -0.130344824129 0.0644336843246 0.986505662751 0.0752668885229
1523384890758544544 -0.382497258162 3.06714384539 -0.32232067754 -0.146369170063 0.076949768072 0.98416644751 0.0638059781267
1523384891007245824 -0.403585228732 3.08304348303 -0.338618849773 -0.16390370302 0.0888231444902 0.980751894588 0.0580667409212
1523384891258035904 -0.42442243869 3.09558561678 -0.346856195068 -0.178440245718 0.0989735687177 0.977358276856 0.0559831230313
1523384891507883136 -0.441848999916 3.10757181839 -0.347032102395 -0.184958133567 0.103820111981 0.975623627263 0.0563064037312
